1416
210
1444
1023
957
2453
2809
299
352
250
42
193
146
306
133
397
801
470
135
277
48
1399
3557
58
158
1371
203
885
3726
2609
379
3155
594
841
556
1189
415
161
232
173
56
101
167
71
165
264
52
446
73
2033
478
72
528
3659
4188
98
1431
4212
662
448
406
1183
1323
541
31
188
1255
1352
531
1075
483
254
297
308
223
12
61
203
48
899
40
628
735
181
565
50
41
43
2725
2765
3911
5002
1674
1365
465
309
323
2724
3154
163
1214
588
531
166
290
596
687
1194
49
259
202
166
688
87
23
1015
2045
505
83
102
248
494
49
49
41
3731
1340
2817
3685
4681
1084
239
1424
966
0
219
-52
416
120
2
6
176
454
303
211
210
129
66
691
201
46
411
50
2833
3332
357
676
0
844
440
564
228
592
212
207
251
262
219
238
198
482
73
2407
172
324
197
1334
357
330
298
75
159
194
240
94
110
139
735
880
72
82
2704
1499
3439
634
180
-4
187
121
1231
84
188
657
101
204
249
1112
293
250
153
561
956
1012
127
356
54
767
667
40
2914
1442
1383
1376
303
5481
3062
192
272
117
444
201
493
394
325
168
-3
205
622
54
698
67
612
877
432
66
571
520
47
36
42
3045
4301
1278
1493
410
249
204
680
1623
4380
1329
-8
1329
103
269
757
1254
78
-112
378
289
23
162
373
-3
-5
29
753
307
541
357
641
579
176
312
44
49
3947
2569
479
1416
1772
294
2821
217
-30
356
462
1356
415
157
192
288
1434
1264
98
173
202
304
282
253
-15
30
652
544
738
894
325
369
2082
3038
3646
2610
4307
1294
1823
194
13
943
1624
71
283
-25
199
64
1203
29
279
20
678
18
1031
1606
483
255
248
182
569
40
50
42
4198
368
82
79
316
78
1143
1974
117
644
116
118
79
387
87
223
256
269
82
2211
2531
404
619
624
314
173
656
480
96
522
534
115
121
350
100
222
79
81
2531
2478
1561
2510
521
110
75
323
82
-330
44
46
441
111
191
154
54
-12
184
138
45
56
-34
181
96
437
381
311
365
69
114
11
475
54
23
0
168
40
98
48
47
48
43
2279
2397
3818
1083
1350
1085
97
1702
3531
200
80
179
184
729
81
752
196
486
248
345
-1
1671
14
527
1052
503
386
336
116
392
2702
601
178
971
160
529
26
2667
42
50
3789
238
1756
163
3875
4052
439
8
11
28
1210
1019
4833
96
431
845
292
944
732
35
23
36
-208
450
288
165
404
498
230
987
741
109
60
245
687
310
351
43
1721
1868
1234
807
698
216
72
2893
1168
174
4238
1059
465
613
159
286
307
226
133
200
0
204
120
708
892
110
358
-14
1680
239
150
375
195
171
104
312
257
46
39
48
40
2887
2648
1875
1746
1623
469
499
75
745
4020
4429
1180
261
1151
227
182
72
83
-72
129
316
531
208
326
222
494
286
129
267
354
42
359
1574
1337
236
46
2535
2978
242
2616
77
61
79
313
538
291
133
232
204
91
88
89
261
82
2284
270
470
315
390
234
127
0
70
496
464
75
104
150
184
571
704
73
1733
981
534
4046
2847
1179
251
19
439
346
1403
1043
330
310
196
531
-4
149
146
520
699
197
374
174
232
48
44
40
2965
2332
356
1061
1000
238
711
72
375
1361
1413
109
231
201
30
156
1344
820
8
222
299
441
515
166
146
454
39
48
40
2424
3795
1140
1358
3662
1462
1832
4
398
3468
229
443
356
711
205
331
153
352
1350
113
976
42
70
409
811
609
146
166
2382
45
36
38
3602
3012
3830
3605
3984
188
206
4
5387
227
2655
4571
-32
585
1148
470
-14
300
1068
155
74
155
245
265
521
283
104
-22
1768
92
125
229
351
3191
37
648
1849
1311
40
3358
2346
911
2202
1190
52
844
3096
3044
1216
332
355
1186
1259
103
201
803
74
64
148
1428
151
241
55
396
561
561
41
2763
409
564
1906
458
225
122
628
247
330
62
533
347
82
2683
2155
981
1227
2827
49
0
2616
442
312
113
240
101
187
-11
129
-14
23
293
401
1493
199
36
36
3939
1120
82
845
1501
1781
3330
2519
29
266
212
207
309
393
132
39
103
276
188
578
790
22
104
318
204
139
1136
544
45
1113
1951
1381
1372
201
79
5055
199
41
603
150
159
123
284
56
1323
1517
393
225
526
153
1352
663
42
37
48
37
3589
807
138
410
226
297
206
157
328
468
535
2473
2312
178
227
426
270
97
429
75
449
118
1075
700
296
147
161
143
189
361
169
370
387
79
2200
626
716
282
814
903
151
168
510
149
1900
2399
98
163
934
94
45
63
71
119
94
305
431
147
127
29
579
348
68
355
11
56
61
165
242
40
39
3780
3056
1298
4667
1827
1821
1347
1480
510
117
15
2514
2211
141
3635
377
116
58
1241
1117
244
315
120
60
1607
412
161
260
807
694
118
1800
28
134
297
375
345
570
1294
38
47
3858
286
156
1254
916
1758
3489
3555
3986
2683
929
167
411
231
-38
205
285
66
1469
312
285
2
13
361
575
598
553
38
38
46
1001
816
1539
346
849
3549
20
1535
451
3088
103
8
242
968
135
1359
136
177
92
21
-8
553
152
774
52
748
1770
278
871
718
29
403
647
615
568
266
45
967
2446
1031
416
683
1753
2375
78
1311
629
825
364
19
253
389
321
126
206
154
193
166
-9
1435
344
658
517
58
741
195
51
37
469
955
102
384
56
205
36
45
472
160
480
635
1994
300
286
92
310
439
93
219
470
80
77
2309
2457
277
565
359
265
251
139
159
507
159
147
272
227
254
147
69
353
442
495
153
2417
1490
2693
3600
133
233
186
41
1474
1692
331
2600
-11
4091
237
4252
392
230
0
1261
216
51
-43
430
342
201
582
171
411
74
48
729
250
141
2853
563
483
590
564
48
3623
1428
1611
1424
600
707
4509
31
507
160
272
899
728
338
260
162
604
836
81
111
45
42
46
2832
1385
4060
521
192
5292
3995
4716
301
-19
174
343
726
284
128
177
-7
35
134
104
176
889
2089
144
531
484
1812
46
2714
2413
3711
210
1889
233
252
25
-17
872
4078
413
1064
85
495
1397
237
307
-27
301
1052
176
44
214
139
96
164
20
0
357
372
56
331
162
691
290
46
38
43
2957
3665
1476
1747
1246
1638
264
1007
4787
2622
3606
152
511
172
108
71
144
188
36
180
245
-1
470
906
18
263
240
35
408
317
721
184
542
37
2878
179
635
502
117
211
394
1009
160
482
579
125
462
164
815
2504
165
194
344
277
-24
243
529
500
251
386
70
