132
1769
1860
1496
157
71
-18
156
29
427
159
376
19
249
165
207
1364
782
75
123
91
26
29
1977
1367
2045
1298
699
1084
57
205
116
633
187
480
272
158
67
69
99
129
71
369
341
124
188
352
19
98
82
177
801
191
83
43
43
1825
530
436
1582
162
311
1356
385
-50
115
262
21
-5
5
42
370
146
252
57
175
26
769
533
251
1611
80
206
108
65
138
113
42
242
55
113
63
401
793
44
123
196
405
42
2858
442
1324
572
577
182
372
95
646
27
-95
677
283
168
60
407
227
56
736
261
262
290
28
28
29
1422
1516
1404
1384
1462
413
129
7
271
570
569
2016
689
2829
42
1013
60
43
112
60
187
310
46
130
142
161
162
43
1537
1136
882
1084
445
306
114
164
195
50
267
123
367
74
451
128
116
227
317
32
323
-4
250
713
292
138
28
1612
1621
1687
1260
1079
3032
135
4451
93
89
63
46
248
596
117
5
59
207
54
129
97
43
140
285
305
325
187
1724
531
166
47
1249
83
2212
23
39
203
36
61
44
2
106
80
252
28
30
1905
1439
94
867
866
913
306
1450
2356
2169
204
2513
-39
641
182
65
58
192
1241
271
48
45
146
74
149
1716
43
46
1494
654
135
113
202
159
162
314
137
16
16
104
121
102
716
158
504
361
894
1181
1736
1386
200
306
56
408
206
98
53
262
376
89
59
1425
2141
1689
167
94
-22
398
47
73
60
4
1
77
224
195
199
85
61
52
113
59
240
43
44
1343
273
155
170
80
31
342
270
168
138
72
188
196
84
278
57
425
120
45
1193
1223
1074
250
275
414
724
129
487
278
95
173
220
262
172
37
201
80
226
237
57
94
327
290
123
26
26
29
1273
716
2147
3259
1244
755
57
690
1312
2038
165
88
678
147
131
68
258
68
77
814
590
214
81
410
278
282
43
43
42
43
1572
1544
513
664
686
149
145
96
1169
676
148
97
240
160
9
106
92
42
46
-15
1423
1344
342
238
914
86
29
2060
1841
1912
752
794
1123
713
1240
45
761
35
137
238
115
669
311
516
671
652
125
18
62
9
39
144
58
1334
448
42
2957
1605
1163
896
350
972
262
252
732
1531
540
322
455
69
-124
-31
212
83
212
61
264
112
177
155
986
1020
253
460
264
118
26
26
26
26
1313
1640
988
736
206
246
264
100
477
15
130
114
72
54
93
37
1309
202
52
85
234
115
67
43
1574
1951
1006
472
375
27
76
706
86
499
-4
54
104
329
68
354
83
625
176
402
209
34
28
26
1926
2017
2992
146
603
485
41
-3
133
811
74
203
352
103
210
41
51
578
1708
44
45
46
1636
1064
870
300
210
932
804
426
97
93
154
8
21
9
288
210
260
1205
572
28
28
27
1318
1919
522
2185
2
686
20
1136
90
43
210
136
140
187
2
87
51
54
175
159
163
126
1071
662
262
259
366
152
435
240
59
304
42
43
1785
55
133
313
60
97
129
73
43
43
42
1227
443
88
266
337
283
293
135
137
53
303
225
229
58
171
21
106
207
430
216
97
23
126
116
134
41
1226
1353
176
180
461
1134
437
174
178
124
67
338
347
254
124
364
57
756
1324
90
1025
107
83
787
211
23
365
299
344
27
88
-6
180
8
164
28
26
27
1047
2455
859
517
479
230
136
1486
1800
225
1790
467
337
92
132
273
443
86
133
92
9
14
43
35
81
41
47
230
143
29
225
167
42
1412
2035
1822
784
739
315
613
1377
79
85
42
58
143
50
10
799
228
54
289
81
227
28
29
1575
1892
1901
611
141
142
513
186
1147
295
90
883
25
116
378
13
55
98
412
309
624
406
44
43
45
1531
2378
2160
457
352
356
-91
380
11
15
97
2401
398
271
146
268
631
273
-10
335
32
145
25
60
991
223
319
130
1431
28
2340
1551
399
83
1039
1004
947
274
473
1433
287
558
465
330
2123
532
1096
85
294
121
101
73
813
88
154
876
710
493
44
569
755
1867
1090
56
214
653
105
466
522
2256
542
120
67
156
464
96
172
70
28
27
279
1380
101
1256
143
1951
628
675
121
1900
122
245
106
73
64
32
425
69
140
198
1267
323
91
200
512
345
1837
534
24
532
312
966
52
327
2111
1396
337
215
26
-8
1
96
101
294
42
168
119
202
427
657
72
311
191
29
30
136
803
27
587
133
477
2297
234
928
1007
200
142
73
43
132
112
969
1119
187
206
567
224
315
382
165
45
44
1549
1822
1615
92
264
101
7
-40
65
356
27
85
230
82
171
42
1266
1399
335
160
210
214
36
205
1641
1625
109
362
163
280
233
183
74
197
52
1491
83
132
200
35
74
205
219
91
62
64
90
151
44
1096
1250
144
172
296
359
1514
115
237
60
267
101
54
60
220
334
180
1352
1457
1482
2231
530
1973
220
45
514
394
1289
474
339
579
2319
564
627
788
167
157
-1
23
276
56
110
13
120
292
43
89
26
28
27
1254
1324
1426
652
141
689
46
594
1931
128
425
3002
122
93
72
35
80
163
15
810
990
91
104
95
637
44
45
1498
1948
1615
672
2218
698
945
801
265
6
547
248
-3
26
-5
1832
75
543
317
616
445
346
264
26
27
2275
1465
874
350
520
4809
699
1921
337
154
533
315
30
128
746
97
225
59
383
27
1402
153
107
502
286
297
312
131
43
43
454
27
587
137
1118
488
113
241
163
458
519
-89
114
599
26
152
902
211
91
76
1691
26
28
1518
1570
2696
128
973
1192
364
1735
2856
2512
1950
605
160
2731
85
162
163
151
331
361
44
181
10
69
314
218
418
58
117
44
43
616
102
51
181
19
168
302
666
642
104
34
139
71
-4
1613
0
56
454
3
449
76
163
30
1252
1289
2000
1828
1427
1263
110
122
1925
2827
1870
355
977
124
492
18
715
88
235
-51
104
112
116
617
111
460
270
675
44
714
2061
489
664
314
278
29
54
72
1423
1192
1121
397
240
626
505
72
292
162
305
-15
76
35
38
275
173
297
129
34
382
133
191
127
28
27
29
1367
847
174
765
221
105
66
2039
197
2286
304
799
293
133
485
2
125
71
100
25
43
544
434
3
146
178
111
150
84
124
279
124
152
117
81
93
239
153
25
43
1330
307
288
132
154
146
631
309
2517
602
244
98
287
58
756
1249
1004
815
347
71
387
255
418
383
135
2029
21
1820
413
36
636
514
134
88
51
203
8
83
-5
82
175
45
843
261
28
29
2142
777
1342
2795
153
11
1
736
206
150
1358
1789
114
2846
317
549
196
110
8
142
41
277
44
43
45
1478
1686
443
116
72
471
338
1564
1710
1037
2321
803
207
41
149
167
494
-11
206
28
50
-4
9
250
15
282
208
1205
145
184
26
27
29
28
1307
1564
436
2036
1781
90
390
766
2084
512
740
133
189
105
208
107
117
1290
270
705
80
1244
44
44
45
1590
1992
2845
575
690
1963
1069
293
76
127
97
697
501
511
223
101
998
299
124
600
55
42
171
194
114
34
36
144
1066
39
322
32
28
119
334
112
142
76
63
27
28
27
1650
1311
1800
2125
349
76
35
417
2113
352
2868
71
68
55
772
648
319
157
103
93
719
45
349
49
169
15
246
434
233
342
44
-11
164
692
87
185
92
132
234
63
93
105
33
73
6
59
42
99
127
145
415
388
213
174
110
58
114
318
101
147
50
108
1673
1429
81
96
116
429
473
122
189
80
65
59
17
62
48
184
1227
244
95
137
149
377
1216
150
90
45
45
104
514
59
59
1286
199
184
272
305
338
828
149
58
295
246
-6
67
165
275
7
73
94
86
170
28
1673
1385
518
21
410
1892
1054
79
343
85
348
67
304
49
87
74
106
6
265
9
96
13
55
124
1495
2358
1733
1970
1347
527
122
1038
965
670
710
-11
37
116
138
30
36
1512
92
135
76
1514
372
721
3090
1037
830
145
109
220
262
475
136
862
442
352
97
276
1
33
21
236
273
51
108
72
93
76
324
9
435
94
170
29
429
114
44
42
2310
861
216
1842
117
38
1014
1916
407
474
114
128
137
-11
155
842
71
193
-5
-5
13
244
150
17
225
1408
1086
311
146
209
1352
2624
2610
4277
1038
1984
291
231
253
661
262
429
180
152
76
68
353
147
482
156
1782
91
98
189
542
44
43
1521
1635
679
1042
335
123
1825
1448
168
999
222
473
250
304
222
13
255
112
35
28
466
541
642
835
172
326
232
291
233
26
567
1139
72
715
266
259
78
1877
514
97
110
128
50
117
67
421
44
1478
953
514
289
1129
2203
-57
280
527
154
431
32
59
113
121
131
45
88
169
258
287
28
26
958
2934
1554
22
133
194
111
2051
73
100
126
118
245
99
154
41
1110
134
42
1583
237
183
-10
104
44
132
328
135
21
93
312
157
50
105
70
205
1326
63
1170
795
1315
82
102
157
311
308
368
103
104
85
210
65
264
78
484
59
39
116
178
58
171
123
9
108
98
197
41
1262
111
61
110
420
-4
597
125
313
167
190
211
78
130
247
85
411
57
57
1217
1832
996
129
138
325
463
4
1598
238
155
335
587
182
60
303
-82
30
29
257
-5
68
1660
504
140
179
204
28
27
27
1952
2328
1053
177
175
568
387
1208
978
4
1
90
382
137
135
72
227
274
122
9
669
89
63
66
16
60
318
2006
154
43
44
544
2145
843
1197
267
428
76
632
140
21
155
-8
230
419
431
176
203
124
179
352
110
29
301
123
66
28
29
906
2746
1257
31
145
2791
833
464
1063
663
107
177
261
54
91
147
199
34
326
216
290
43
1540
2459
729
581
1091
164
1029
3
124
262
318
532
441
-10
403
35
57
269
43
91
1113
125
200
116
712
1129
207
27
1671
2496
39
757
770
289
257
501
1315
210
355
71
212
222
123
357
91
160
49
336
339
89
110
368
31
1363
465
38
722
101
173
43
1740
1206
661
514
272
52
1051
89
95
1492
174
100
314
419
1592
276
81
47
253
25
103
61
39
444
115
0
226
155
226
799
129
260
30
1313
1594
53
790
107
129
1966
428
519
162
361
1495
415
156
16
164
72
122
186
459
314
738
803
54
327
1058
997
1925
455
249
-4
137
483
65
66
42
210
-5
-5
273
106
51
29
1491
2100
1047
833
372
106
1290
23
666
92
151
-68
91
10
136
733
122
43
44
61
73
81
122
28
166
7
149
187
85
37
109
1131
78
209
293
1670
289
172
336
131
234
155
58
70
111
81
31
1387
1405
1849
538
195
48
178
7
204
94
3
217
176
43
42
1259
1173
121
242
1101
288
452
1047
520
313
121
94
82
305
470
1485
1596
