4
7
27
19
4
86
86
20
35
10
62
79
35
20
31
9
50
45
15
67
22
37
8
-1
20
86
113
90
56
140
19
6
38
39
60
49
21
26
20
12
27
10
73
15
28
30
31
54
20
20
159
182
137
280
158
214
141
18
119
30
31
12
338
43
96
186
17
38
77
167
30
20
20
124
224
110
224
67
96
65
9
270
45
89
65
30
10
11
38
74
12
32
32
21
54
14
20
161
45
65
64
7
39
77
82
15
54
19
28
21
20
157
42
71
84
52
132
77
20
203
10
78
13
33
34
28
31
11
11
25
12
15
87
19
27
21
113
37
37
6
37
122
59
9
38
59
21
13
26
49
21
21
230
33
23
60
162
41
44
52
48
14
24
29
13
71
9
13
45
36
21
21
83
60
41
9
73
74
27
33
92
16
19
44
31
3
33
46
21
189
230
82
107
37
133
171
18
85
36
9
100
17
14
50
21
38
16
19
71
21
112
113
226
7
73
316
183
6
16
108
40
20
51
21
229
37
205
204
61
213
93
183
85
472
279
170
104
76
248
69
386
40
59
28
44
132
644
132
116
86
21
145
287
17
221
114
47
25
342
277
29
57
52
53
34
16
31
26
29
30
245
15
16
399
208
158
92
523
71
38
13
134
105
128
64
24
17
103
25
19
58
23
81
22
22
131
90
96
28
61
35
206
21
9
56
64
15
16
58
22
19
27
38
17
22
22
127
11
20
63
108
9
32
31
54
4
104
100
52
57
30
15
21
55
41
22
105
14
8
8
24
42
14
22
22
129
30
19
29
29
33
67
20
70
35
47
21
14
13
18
90
8
11
12
17
12
22
9
12
19
23
96
5
12
11
4
4
11
121
87
6
86
6
4
34
18
37
93
26
69
25
45
26
53
16
81
48
8
66
18
156
58
81
40
14
16
50
113
148
156
48
11
17
96
21
127
18
207
12
39
86
116
97
24
201
85
66
23
12
28
176
16
15
16
79
163
407
225
211
392
101
67
30
49
74
70
226
52
39
-1
120
57
9
102
23
10
120
26
43
240
26
30
22
20
152
340
120
15
198
161
40
421
413
37
167
17
42
14
62
53
36
29
14
14
81
42
29
57
30
20
175
158
176
121
158
67
78
51
116
66
69
33
48
29
21
20
92
29
68
148
234
55
75
34
38
51
44
52
8
16
126
22
27
21
142
97
40
37
131
56
31
39
38
49
15
32
39
33
36
16
21
21
96
39
29
165
41
129
22
17
26
34
27
21
21
46
208
81
5
160
178
30
59
52
22
11
113
67
21
51
133
166
88
17
31
49
35
11
40
48
151
108
47
64
335
108
90
320
127
84
39
75
176
27
34
21
21
22
276
120
75
136
45
7
33
57
27
26
9
130
86
19
124
122
46
15
23
13
26
29
18
144
61
22
413
288
75
262
60
169
202
57
20
110
15
25
79
32
93
127
21
281
121
31
172
140
58
34
29
12
82
85
100
33
79
22
22
123
314
127
82
168
17
23
17
34
297
37
42
50
10
13
59
19
53
31
17
17
22
22
186
75
50
16
12
1
63
25
67
55
52
11
29
42
25
27
101
118
6
63
12
22
35
16
13
7
12
17
31
24
110
104
135
99
23
51
26
34
67
20
22
11
17
108
60
24
32
19
20
17
17
22
23
95
18
16
9
23
21
4
5
57
11
12
86
6
86
86
86
86
6
6
22
20
103
69
45
47
59
108
75
6
12
59
7
12
12
141
12
48
13
20
96
60
5
21
135
43
47
175
30
105
48
11
30
63
59
26
191
20
135
249
156
35
123
384
161
15
36
51
32
85
41
147
165
75
22
24
20
20
20
6
28
84
178
556
641
117
70
40
14
31
14
22
12
45
458
79
20
21
20
21
259
227
66
56
64
74
125
74
25
69
12
17
332
156
142
247
237
20
42
25
105
29
35
17
19
17
131
30
20
21
21
147
86
85
109
78
185
116
81
65
64
18
19
40
18
64
13
115
190
153
63
129
61
6
37
38
117
104
41
22
21
36
29
36
36
36
42
48
34
19
7
112
27
205
267
172
146
33
54
39
62
18
13
28
18
108
179
245
199
58
95
28
45
45
41
45
48
116
47
19
58
124
210
50
46
148
106
174
297
90
140
62
32
41
142
83
127
90
40
14
38
42
267
93
18
21
21
22
107
62
194
150
80
451
178
54
129
119
95
14
13
72
53
59
21
46
61
21
145
161
75
154
24
94
38
187
308
19
247
63
95
230
61
125
10
31
30
40
45
42
35
18
35
22
22
22
21
229
61
126
135
40
128
43
58
112
25
39
10
89
12
36
27
15
21
34
52
180
40
22
22
116
136
53
28
15
8
208
32
54
23
26
22
13
22
60
38
19
22
192
162
39
171
34
56
8
28
24
17
33
64
19
29
20
36
11
26
22
22
22
137
122
43
84
92
23
19
26
57
26
12
28
18
22
112
34
77
46
11
20
15
27
11
18
23
98
3
22
19
20
108
94
1
18
103
23
5
17
52
7
10
20
41
141
6
86
6
7
15
14
19
17
26
14
34
61
18
20
131
97
94
8
14
5
39
25
13
14
56
47
30
16
30
14
19
18
12
23
32
15
19
20
24
28
77
61
26
46
24
20
14
34
96
11
17
23
57
64
33
41
17
17
23
7
30
3
18
17
24
14
17
10
34
80
93
95
28
11
7
40
19
29
29
24
15
39
18
18
21
88
40
26
47
6
125
101
9
14
39
13
12
13
70
61
24
40
46
36
164
29
30
57
37
109
127
22
30
15
24
22
16
21
21
22
52
50
7
27
11
37
45
38
17
18
130
149
181
137
105
198
43
7
18
109
8
113
148
117
6
19
31
79
10
61
21
21
22
114
189
67
32
13
53
82
47
19
41
28
42
25
149
94
59
6
74
83
38
19
30
16
88
43
21
50
41
32
94
19
15
32
156
30
7
26
101
65
16
110
22
24
25
14
115
134
48
33
23
18
28
28
22
26
20
55
66
62
7
13
39
34
39
15
17
8
50
9
28
19
38
18
13
20
14
19
110
115
7
80
35
87
27
14
39
113
97
8
35
12
15
23
23
29
4
27
35
6
46
7
8
14
19
19
86
4
18
6
6
87
87
11
8
7
11
26
25
32
16
24
9
18
10
37
35
21
9
10
16
15
25
4
53
19
144
44
79
37
36
19
61
44
9
49
28
14
4
23
15
13
24
38
28
39
18
116
28
30
19
15
35
110
128
164
35
65
18
124
28
115
84
56
7
147
93
-2
44
8
9
108
51
28
19
136
51
59
69
6
125
12
19
20
122
171
139
13
8
67
107
4
7
69
30
133
9
34
12
38
17
10
74
13
19
18
11
163
44
17
31
13
49
175
74
29
27
57
57
7
11
16
38
26
9
14
17
30
37
54
20
61
21
191
38
192
26
107
7
19
16
66
12
14
22
31
42
12
54
21
131
100
37
80
142
134
7
127
48
36
20
21
40
21
21
144
75
257
34
73
8
24
21
26
12
28
38
41
19
55
12
18
27
59
31
144
41
162
49
158
20
85
89
34
30
18
21
24
30
43
20
15
102
118
27
227
27
30
15
14
54
11
31
16
55
22
24
38
20
21
168
134
83
268
8
82
8
110
11
28
66
119
41
30
25
20
40
24
30
80
21
21
306
78
55
143
88
159
91
96
13
11
16
18
31
30
30
70
15
25
30
34
182
197
22
22
140
217
113
111
61
22
40
155
65
219
96
21
89
19
35
17
13
44
22
146
134
84
157
154
54
88
41
148
33
26
59
15
57
21
17
11
38
19
78
21
17
22
119
89
56
45
18
24
24
17
26
14
15
19
59
32
15
22
73
40
114
33
111
80
9
40
17
19
20
22
36
21
126
36
28
57
40
32
20
48
14
30
16
46
119
139
113
15
27
11
86
81
38
13
15
23
12
17
39
11
39
37
96
17
12
10
25
10
19
102
89
5
86
105
92
101
44
11
27
22
6
11
25
19
97
32
43
19
15
20
15
18
53
20
20
87
99
-2
28
11
17
9
35
72
36
67
18
11
14
11
29
37
54
8
34
98
7
17
11
10
28
14
15
12
35
23
20
38
17
5
28
6
9
62
60
1
61
23
12
43
30
26
22
49
67
21
21
20
20
150
30
37
103
64
14
47
87
17
19
45
12
12
12
31
23
17
27
20
20
150
26
17
54
71
67
13
26
12
40
16
100
45
21
60
58
70
25
19
90
38
36
18
42
10
20
54
23
18
25
19
27
21
21
136
122
238
34
11
35
51
40
15
12
31
23
21
208
163
0
34
38
51
73
23
137
65
74
18
23
49
26
20
17
54
13
21
121
144
151
153
166
42
31
18
14
55
48
44
35
19
52
37
54
21
120
172
130
160
139
43
25
23
24
23
18
11
7
38
13
58
18
48
30
37
16
65
13
31
21
98
160
84
42
19
52
38
23
23
13
20
33
22
128
21
28
26
19
7
37
20
73
41
8
31
6
35
31
10
25
14
88
17
26
16
20
31
21
122
127
18
19
14
16
22
21
24
18
22
153
146
15
8
32
35
22
95
5
111
7
4
4
5
8
10
5
28
14
19
4
6
6
19
86
101
86
89
4
73
20
8
15
27
28
29
18
33
54
36
11
11
96
97
87
7
25
23
25
19
13
29
24
39
9
15
24
15
20
8
90
14
0
24
14
20
11
11
13
11
12
12
20
147
107
26
93
40
30
14
9
15
16
17
15
16
20
125
55
13
13
30
18
39
28
89
128
44
19
33
21
118
121
56
37
25
21
22
16
10
29
20
110
120
139
158
49
33
12
11
27
27
21
156
51
27
17
160
36
14
26
16
22
52
87
9
7
21
11
19
22
32
118
139
19
40
26
23
140
10
21
38
12
13
53
21
187
17
24
45
39
8
45
38
27
39
17
26
35
21
67
25
31
40
20
46
21
21
47
19
17
26
15
36
31
15
13
52
13
23
32
51
16
88
168
24
125
33
78
27
11
21
22
22
151
22
11
17
20
22
121
19
22
32
44
19
12
23
27
22
127
109
15
18
19
3
16
16
10
28
44
16
20
95
5
6
17
17
17
4
15
108
93
6
6
8
7
9
66
5
21
19
115
87
39
13
37
87
43
89
49
29
113
175
66
90
29
13
8
17
20
119
35
77
193
123
321
14
39
51
18
63
18
73
18
17
24
16
39
32
21
25
74
27
16
28
35
14
130
28
29
43
20
20
265
51
215
44
618
30
37
10
25
15
17
17
89
80
19
51
20
101
262
79
248
85
57
308
341
268
18
13
69
28
55
161
12
229
28
20
169
99
144
106
43
79
66
41
397
20
16
12
11
58
16
160
19
49
71
29
27
21
20
183
125
42
114
166
32
53
8
6
60
25
57
25
18
17
11
34
29
36
21
129
30
42
127
15
42
11
79
11
174
209
134
114
64
242
41
237
74
35
67
46
70
20
39
33
21
148
140
225
60
131
9
98
78
42
21
56
57
27
39
43
12
36
87
154
144
209
241
8
82
34
108
55
94
74
13
41
38
21
41
136
7
7
151
52
176
11
105
104
116
73
67
112
40
51
87
43
45
51
21
22
21
185
246
217
173
53
56
143
34
28
96
75
597
115
51
69
320
116
51
506
333
79
16
50
22
22
22
169
190
243
374
66
75
21
27
234
122
16
32
51
37
23
46
49
58
393
149
126
238
342
219
21
21
22
406
73
409
103
18
16
35
12
24
26
54
49
21
21
58
43
22
22
120
144
61
75
63
66
110
20
22
51
84
38
24
19
27
14
26
22
22
134
35
86
104
8
114
52
14
97
18
17
24
22
22
107
50
129
8
16
11
48
106
10
15
26
23
93
112
37
44
29
22
19
54
26
21
56
26
24
14
18
22
23
24
12
16
5
26
89
17
6
4
21
5
15
8
61
16
95
4
4
6
15
4
5
86
11
7
28
72
11
29
151
21
66
32
97
30
45
32
108
19
116
42
12
12
8
53
101
20
116
184
125
95
319
80
99
14
78
20
326
50
76
103
27
36
19
25
12
33
65
26
21
104
330
233
23
43
449
120
35
14
101
115
79
28
18
24
22
51
37
45
67
108
40
21
131
234
603
83
301
37
53
290
72
2
14
14
11
88
58
20
435
123
261
61
18
30
5
96
205
612
13
36
12
139
35
20
168
218
14
46
52
51
195
64
24
25
88
14
30
19
11
70
25
21
144
179
207
107
147
41
29
174
50
41
0
85
34
9
57
24
22
11
11
35
20
19
78
23
166
211
210
35
86
23
103
115
48
19
35
30
25
27
104
50
30
36
52
26
2
193
145
91
26
36
58
15
54
27
58
14
38
21
145
99
49
243
79
26
140
44
163
44
141
119
31
13
16
33
29
114
29
21
92
182
166
389
101
172
33
71
35
54
349
7
114
194
62
254
114
115
38
215
44
40
92
31
24
78
71
45
64
22
49
32
95
44
30
163
236
290
304
264
14
234
37
100
497
187
144
251
50
43
26
31
71
66
151
100
156
136
57
68
12
77
50
52
72
102
41
22
22
244
152
65
50
158
153
10
13
43
22
20
41
171
112
13
30
22
145
165
158
39
111
118
105
127
18
50
295
310
415
18
45
111
9
29
44
19
54
38
41
44
14
51
34
39
90
9
136
22
156
15
14
32
49
24
23
27
17
14
20
17
21
23
17
30
22
17
54
150
3
9
13
51
22
38
62
83
37
100
26
11
14
14
12
19
19
49
17
37
22
23
111
9
15
32
31
26
93
37
8
18
13
12
23
102
30
19
5
33
13
10
21
19
92
94
2
5
5
24
26
27
19
8
8
86
86
86
7
10
127
98
52
197
73
18
26
37
58
44
10
161
13
35
57
9
131
23
17
20
57
70
120
32
31
349
351
29
43
46
66
22
71
45
156
37
78
123
159
428
82
20
20
176
162
114
155
400
391
54
108
36
451
35
113
37
22
138
92
39
36
53
75
82
20
20
99
709
62
42
44
113
50
261
35
111
18
99
22
29
30
73
20
243
68
201
40
92
94
57
25
284
6
18
207
22
12
21
24
201
38
30
106
20
21
127
38
199
25
12
34
7
23
36
44
43
162
21
87
95
96
41
12
34
116
35
75
21
98
18
21
130
185
58
35
216
74
136
127
58
9
84
25
17
54
12
74
13
170
153
148
186
147
22
207
77
6
254
48
59
151
20
41
55
11
89
18
34
30
33
33
73
202
29
105
78
239
38
17
19
50
50
16
23
13
83
44
21
22
214
80
305
178
166
46
15
19
135
52
115
10
11
30
55
25
43
42
70
12
118
53
35
45
170
337
88
174
118
14
57
47
373
130
35
173
98
68
26
59
145
303
58
40
27
739
20
130
253
97
226
277
42
25
120
104
136
32
282
32
5
33
42
75
10
11
22
11
27
276
128
64
22
22
226
129
59
90
346
39
137
-18
21
15
37
14
67
20
24
39
22
22
122
83
91
37
73
34
10
35
29
28
18
60
18
14
15
22
22
145
14
46
63
43
46
45
21
19
25
18
22
168
119
8
41
-2
34
22
80
24
15
11
14
27
93
11
29
13
35
16
27
23
23
103
105
99
22
13
10
33
7
18
100
8
8
11
8
9
95
4
4
6
6
86
23
6
6
87
7
20
20
14
105
21
-11
10
13
39
7
55
62
50
85
195
38
129
73
22
11
60
126
20
20
95
119
117
45
59
123
167
27
45
59
92
119
31
218
18
64
20
127
163
54
127
97
349
168
122
175
26
42
94
76
33
24
15
22
212
214
33
20
138
205
180
79
159
105
41
21
94
58
120
9
7
27
20
49
85
50
100
20
360
30
59
76
29
62
39
11
22
27
16
185
17
34
135
31
33
27
21
21
190
168
34
238
54
8
125
15
62
10
12
12
16
38
11
38
77
21
21
157
141
197
60
20
82
133
167
146
44
82
32
59
35
53
19
29
21
21
134
140
185
269
46
86
38
27
185
62
25
71
16
47
24
39
14
39
28
65
66
13
21
21
101
147
72
85
44
151
71
19
25
39
24
13
26
21
21
179
146
203
55
38
22
59
175
69
110
24
10
37
44
18
50
42
35
33
49
49
21
21
22
22
21
196
114
123
2
331
28
9
54
17
15
76
88
84
16
37
28
191
21
191
223
250
46
179
65
389
117
78
23
169
32
149
18
28
128
79
42
15
57
136
52
72
246
525
141
121
142
248
175
322
21
9
14
74
103
30
35
34
52
54
36
63
58
46
38
22
105
226
189
82
51
38
24
159
32
61
32
71
11
27
8
29
40
22
60
39
22
22
51
85
24
22
22
124
74
31
49
28
254
14
222
73
29
15
27
22
49
59
7
13
15
14
19
32
39
22
107
28
12
64
8
13
34
24
17
30
14
15
112
39
7
25
12
16
17
22
35
17
12
14
98
22
4
5
4
19
31
19
87
6
7
8
8
6
8
9
3
20
58
44
44
20
9
21
31
18
43
19
1
48
85
51
90
53
9
16
37
11
151
12
11
12
26
20
20
20
20
51
65
45
12
171
47
97
5
193
49
40
60
32
43
14
17
96
206
116
25
99
20
20
168
100
21
197
207
42
139
26
178
71
61
45
61
66
12
94
22
29
17
14
62
12
28
306
21
203
159
76
90
102
179
64
47
161
8
85
13
43
14
23
21
21
11
11
66
11
12
85
18
214
75
22
21
267
49
56
253
33
62
46
89
18
25
16
20
128
83
24
155
7
78
45
41
118
11
62
17
21
38
18
25
124
134
218
157
25
46
38
20
14
20
37
49
13
12
22
75
16
26
21
175
193
62
46
20
155
9
70
61
73
20
29
20
103
132
74
24
20
4
202
52
8
22
17
13
24
32
21
174
295
109
79
43
51
10
153
11
12
14
41
68
94
33
21
21
22
134
302
190
126
30
58
324
204
143
8
9
55
122
92
46
13
13
75
35
44
21
232
37
329
15
259
57
37
608
420
332
27
170
78
75
55
46
22
21
22
193
462
117
82
25
173
18
189
21
378
12
18
130
105
71
42
24
19
194
94
32
96
81
21
88
22
305
132
22
85
18
53
25
40
71
37
49
50
31
14
37
33
20
22
22
19
35
22
334
146
117
72
33
30
32
215
10
56
46
73
28
28
13
59
61
14
30
29
17
114
174
48
126
96
41
13
14
96
80
91
29
33
23
23
134
31
204
18
31
19
34
23
15
14
63
16
13
39
49
61
33
37
46
26
25
26
26
18
17
33
23
8
8
14
17
23
118
99
93
15
2
13
12
7
24
19
101
4
4
7
86
94
1
-2
25
20
99
15
14
30
44
15
15
20
88
106
6
11
49
19
19
11
25
25
14
19
20
19
123
123
81
20
33
5
25
22
16
11
11
38
20
20
100
131
134
25
44
14
21
28
35
12
11
12
13
27
28
22
13
63
20
20
20
100
102
147
26
7
32
102
82
-7
49
7
20
10
20
21
20
21
8
10
67
48
27
10
15
15
27
13
33
26
35
34
20
124
150
30
36
22
43
61
23
35
29
16
31
137
6
61
118
18
21
28
35
45
40
14
18
32
19
60
16
21
21
21
21
130
201
244
6
44
9
135
60
30
49
23
21
15
18
40
38
21
259
40
5
33
65
19
16
28
20
31
22
15
100
25
110
30
44
20
16
29
34
123
112
82
29
28
18
35
14
15
54
44
11
21
22
86
68
25
6
6
18
45
39
215
16
59
20
30
16
52
12
20
19
21
21
22
134
112
125
53
27
35
97
52
9
16
18
25
17
24
17
32
22
145
21
12
8
32
51
93
42
79
15
19
19
50
22
112
111
110
10
43
7
16
18
72
57
17
34
30
75
16
44
13
48
28
10
22
31
27
8
13
29
35
22
22
116
76
26
49
58
29
16
18
17
16
127
106
6
13
20
22
93
13
5
5
7
91
5
7
4
4
16
10
91
91
9
6
21
28
21
42
23
11
26
19
87
100
25
19
27
26
27
55
30
20
35
20
148
113
95
19
56
51
21
1
24
31
16
19
22
94
113
46
13
21
16
16
25
32
63
16
9
20
137
107
77
39
7
21
37
11
21
20
125
133
159
188
66
78
20
54
98
46
20
28
12
32
13
15
31
20
65
74
88
96
60
14
32
48
12
32
158
148
18
78
169
32
41
44
15
24
25
21
113
33
42
31
7
14
21
46
40
38
26
11
11
15
11
13
66
90
6
178
27
41
7
40
29
48
10
9
13
50
26
13
32
16
42
30
22
21
21
27
46
129
33
12
15
15
12
12
12
13
16
21
21
57
152
159
22
29
30
10
42
11
14
76
28
17
21
146
165
25
40
22
26
28
10
135
36
40
28
26
27
36
34
34
21
22
117
128
120
31
36
29
44
23
16
15
13
25
17
14
13
21
17
31
22
114
14
17
15
15
23
22
17
33
12
19
93
99
4
4
6
5
34
5
5
25
14
14
19
106
86
5
27
4
86
95
30
22
29
118
7
41
37
89
78
20
11
44
8
20
20
64
80
402
33
18
295
293
60
116
200
3
147
124
8
24
112
10
38
24
13
70
84
263
35
20
318
290
188
225
220
63
497
7
60
95
4
258
9
32
22
44
54
721
49
26
21
20
20
20
194
337
84
305
99
84
71
22
50
50
32
45
277
69
14
30
21
135
242
229
113
5
26
12
17
6
-6
31
90
28
42
21
23
21
21
21
260
54
195
36
30
11
38
35
40
111
169
138
32
87
8
33
41
31
73
22
15
13
57
12
26
22
21
21
87
157
201
56
55
21
25
58
134
34
13
23
24
24
18
18
25
23
97
20
33
21
21
125
115
56
43
220
62
62
98
38
19
38
33
19
71
33
59
21
21
21
21
201
207
86
54
23
45
17
182
24
184
9
71
17
12
74
21
21
21
22
155
193
116
8
31
92
37
28
80
-2
13
30
26
74
25
194
49
65
21
22
261
292
338
151
109
55
334
138
67
183
80
19
98
112
50
107
478
26
144
16
33
21
22
346
518
196
129
209
459
254
193
45
49
58
177
18
29
13
305
80
33
79
28
38
491
20
174
26
89
135
48
154
108
81
40
78
27
199
27
59
432
10
10
63
58
70
34
24
59
19
23
50
31
22
125
119
35
273
31
45
156
92
22
52
82
88
47
33
30
17
43
30
50
8
94
97
27
71
33
34
93
70
135
58
32
16
7
7
131
16
28
19
12
22
15
38
18
36
21
37
19
16
42
16
12
30
17
23
23
105
14
16
11
29
17
13
19
19
15
15
25
89
109
4
10
4
4
5
7
28
19
19
100
101
4
15
6
4
83
21
7
87
89
32
27
171
53
0
39
21
22
34
9
12
88
43
15
20
20
108
99
88
59
8
99
151
13
7
5
28
73
152
128
27
60
168
21
99
19
101
92
23
62
20
20
161
386
105
420
6
154
13
140
70
202
31
23
33
34
82
26
291
11
12
474
14
32
20
21
306
177
29
84
227
45
18
54
99
70
134
16
135
27
23
44
252
24
19
13
84
20
21
186
29
86
130
220
13
11
13
69
63
75
34
24
21
20
124
80
39
15
64
7
15
78
35
20
32
29
20
21
36
230
22
226
25
13
19
21
133
151
138
49
51
176
39
47
21
44
23
147
29
184
48
105
53
162
13
8
14
50
29
43
34
43
46
21
268
236
125
35
44
46
121
50
75
86
14
21
29
50
213
44
16
324
69
313
185
97
71
27
128
61
67
75
83
35
13
164
196
217
200
172
211
119
44
29
117
7
457
109
36
97
5
15
65
81
36
21
11
45
49
69
20
63
217
21
22
172
99
239
56
108
174
48
49
312
32
108
51
16
186
157
40
103
13
22
22
22
137
174
121
187
14
125
107
16
111
31
23
76
76
13
31
84
99
18
22
9
104
10
92
31
37
66
16
13
14
63
112
26
90
78
79
16
28
184
31
39
51
32
20
29
17
14
25
29
112
22
22
22
23
146
120
81
51
31
6
98
17
3
25
35
34
29
22
40
24
20
21
16
26
18
20
18
35
22
23
103
8
17
21
18
101
4
50
4
6
5
6
18
4
5
6
7
87
8
9
125
54
28
20
39
113
48
91
28
16
20
6
155
10
38
141
12
20
44
251
239
72
27
110
107
345
55
110
32
11
230
90
32
16
34
73
81
15
91
283
301
77
100
568
9
150
10
167
122
36
34
12
54
35
68
32
111
47
164
143
276
210
169
62
26
37
12
14
52
91
43
91
20
139
281
175
71
191
6
100
51
23
61
51
63
42
20
14
211
165
23
65
21
130
131
65
27
53
98
121
16
194
14
34
13
19
12
14
79
68
20
21
21
116
87
130
47
55
30
72
25
6
232
70
36
9
84
24
21
95
108
25
62
22
31
38
30
119
11
64
50
40
97
107
25
22
28
24
31
59
27
30
25
29
45
54
84
84
51
36
34
47
69
35
186
40
35
65
12
61
11
12
11
18
16
31
21
21
121
144
61
49
245
23
52
69
99
12
41
17
124
119
59
21
22
116
353
246
74
55
24
6
18
71
181
102
94
75
49
22
38
31
107
21
257
730
153
485
112
58
13
86
259
42
13
80
57
32
136
17
13
80
44
68
74
22
22
22
198
98
377
241
134
123
120
145
133
183
34
146
29
384
301
129
233
119
60
135
36
25
36
14
57
237
53
25
154
22
127
46
50
151
8
42
12
21
17
107
118
13
44
60
57
30
133
98
41
310
33
76
11
75
84
86
88
50
12
64
22
25
18
14
19
69
54
72
32
22
22
131
105
95
28
86
38
28
235
45
35
14
103
9
15
20
35
42
16
29
18
36
28
37
25
15
23
161
110
36
18
11
23
20
49
13
34
7
4
9
5
30
11
6
8
14
19
99
86
95
92
4
4
5
6
6
8
9
86
86
72
28
20
105
17
57
24
46
31
78
9
38
34
8
34
116
159
79
28
141
16
273
156
205
40
8
44
215
104
90
15
60
10
37
62
91
12
51
116
92
20
146
47
399
7
134
66
126
20
14
30
41
28
22
26
74
122
56
31
35
134
20
21
428
151
227
269
128
85
69
75
296
77
38
32
25
66
61
23
50
71
106
20
21
151
24
60
100
146
118
24
62
268
47
69
181
21
143
113
117
59
106
41
128
18
22
16
9
25
21
42
31
40
8
33
26
106
11
25
34
9
42
29
30
105
32
48
21
21
96
151
79
182
22
7
20
40
-2
36
21
39
50
43
29
41
95
98
142
176
118
32
40
67
132
6
42
73
39
23
18
17
21
22
164
62
147
94
66
56
66
222
132
65
161
142
21
19
15
45
53
28
41
42
22
43
42
70
61
41
83
103
25
91
38
93
58
56
86
29
21
22
183
326
303
93
54
7
78
10
201
188
32
36
90
47
84
73
74
21
22
302
498
183
289
269
7
503
15
53
18
111
62
6
84
44
37
21
49
304
55
28
13
46
141
87
22
22
211
208
147
76
120
18
132
11
78
18
34
54
34
41
36
39
123
298
134
57
92
55
9
48
22
143
113
60
110
25
16
17
69
19
15
26
65
17
129
21
8
14
100
14
25
26
18
32
24
32
19
23
23
105
166
131
37
33
11
7
43
11
19
20
14
21
21
31
135
19
15
10
11
9
33
16
27
11
14
5
6
6
12
17
10
5
5
6
6
27
87
7
87
9
20
42
19
500
31
13
23
23
91
15
133
8
20
21
20
168
104
173
57
9
93
144
94
104
79
167
87
175
39
12
155
27
67
51
62
20
29
106
191
118
221
92
124
161
61
92
47
38
70
23
41
33
34
59
21
111
29
36
84
87
98
26
44
20
20
20
135
74
24
305
99
275
94
44
294
288
15
34
9
57
38
9
45
122
492
79
27
21
296
263
113
89
71
18
476
58
31
48
26
230
17
40
246
20
21
21
16
23
13
68
21
124
149
56
74
61
27
57
169
59
100
13
31
42
56
30
36
34
65
32
21
21
170
155
9
112
72
18
9
64
22
18
90
30
21
103
169
49
100
201
55
121
54
5
12
19
1
29
30
42
166
24
18
47
103
52
12
21
32
57
100
43
21
280
15
98
31
21
55
17
244
301
32
80
63
122
12
40
42
82
22
21
22
143
115
123
124
154
84
42
83
302
20
9
24
98
25
17
70
37
59
226
16
156
22
22
88
260
225
253
166
40
21
213
14
32
110
82
16
168
28
11
25
136
110
19
20
104
96
49
56
54
34
73
103
134
34
44
64
55
77
376
78
22
32
191
111
421
62
13
46
79
13
42
17
302
56
25
54
22
22
234
135
132
207
93
40
60
346
88
17
6
49
14
16
34
20
12
17
21
15
14
27
24
22
342
263
109
99
9
16
76
175
94
47
21
88
52
22
86
13
19
68
9
17
29
13
25
24
46
122
47
42
78
42
16
9
27
20
35
34
24
116
97
25
36
63
9
18
24
30
98
23
8
18
33
4
12
34
5
87
86
87
86
86
86
9
13
5
11
-16
17
19
4
27
21
24
11
11
20
115
102
101
56
49
13
18
6
39
49
15
82
18
18
19
21
27
20
141
103
23
11
13
69
64
29
46
18
12
20
10
25
20
20
117
130
24
57
121
13
27
29
77
39
14
24
20
21
28
20
146
140
26
15
43
70
30
11
19
24
33
50
13
26
20
20
20
104
22
17
43
22
27
16
34
18
23
58
24
20
21
192
104
53
13
6
28
47
25
30
28
47
32
13
20
129
147
60
13
22
38
73
26
27
15
46
21
93
35
48
18
69
14
21
20
207
41
50
15
22
32
7
38
15
10
12
29
20
15
37
78
128
26
60
37
17
24
20
24
28
18
26
14
138
105
186
169
146
52
31
55
12
14
21
96
137
38
47
53
7
99
8
56
24
14
43
16
34
24
79
109
13
23
22
50
43
93
167
28
186
85
24
16
23
50
14
28
21
22
137
106
17
48
40
41
18
39
15
16
31
27
16
22
33
40
7
87
86
32
87
33
13
12
13
26
22
16
38
61
18
31
36
17
39
30
27
21
23
17
32
22
34
35
24
35
7
10
29
31
29
17
27
18
19
22
143
116
102
29
46
39
22
19
10
24
4
11
12
17
8
86
5
5
24
86
86
91
15
11
98
30
5
11
16
9
10
11
17
9
19
102
29
41
58
27
29
16
26
34
12
15
53
19
16
10
15
22
5
24
11
28
27
34
20
18
115
172
18
41
7
19
64
128
18
37
31
25
40
100
26
34
96
30
75
64
104
16
29
12
19
11
22
15
23
24
27
11
18
25
28
19
13
33
23
14
46
40
80
24
122
122
58
148
23
12
10
14
41
45
12
43
12
74
43
20
20
21
21
105
24
34
41
26
14
21
20
20
21
21
78
29
26
8
11
33
28
32
178
37
83
21
27
11
19
14
19
43
20
13
30
28
21
21
21
21
117
203
183
61
49
14
25
41
51
47
46
21
21
21
146
200
115
119
25
26
66
14
31
35
18
40
53
35
83
63
27
14
40
13
21
21
22
128
141
24
10
35
23
36
59
44
30
20
35
11
143
115
120
99
133
52
47
51
42
29
119
22
30
10
30
45
9
69
37
14
33
18
22
108
95
17
20
18
35
14
9
15
17
15
16
17
17
25
22
22
22
134
9
8
5
10
16
14
23
22
92
86
18
4
18
35
41
16
10
23
19
98
7
4
10
9
8
48
23
53
58
55
43
86
5
23
36
68
29
122
17
12
9
10
25
10
103
20
12
20
17
53
64
33
20
20
196
101
324
165
304
187
27
40
56
174
4
162
70
5
80
49
61
18
16
95
57
27
16
20
128
94
165
151
254
358
41
45
36
13
147
10
222
20
42
92
19
104
359
149
115
172
6
241
231
28
111
86
55
32
69
104
13
128
27
53
18
507
20
20
82
139
382
35
120
349
46
37
21
73
47
18
30
31
147
156
207
200
83
49
6
18
4
195
49
37
134
17
47
20
28
115
143
144
90
36
57
29
18
22
30
27
21
114
92
94
189
201
73
6
224
11
127
34
144
42
49
16
20
98
33
31
27
40
22
126
135
190
93
30
52
73
65
15
13
49
30
13
26
27
33
51
21
21
136
129
52
194
95
40
77
32
191
7
200
27
92
19
37
105
47
28
44
22
22
155
333
224
77
100
126
15
38
20
26
21
22
63
17
86
50
21
22
185
233
87
57
75
66
510
52
160
141
133
107
27
46
84
29
94
170
39
21
21
21
181
160
243
204
402
154
239
32
13
80
88
34
35
153
80
17
104
22
22
157
166
252
144
140
14
45
143
466
73
57
10
27
117
41
167
61
19
25
22
22
22
226
141
70
66
119
74
50
-7
31
21
40
20
48
193
258
75
112
79
46
22
11
25
32
68
27
14
13
22
123
117
114
119
16
17
27
26
30
60
19
12
23
30
32
23
22
104
121
106
8
19
19
44
15
23
18
26
23
97
6
29
21
9
9
12
12
18
35
9
15
16
4
15
46
7
7
19
19
85
4
4
4
5
8
8
13
4
4
6
5
29
44
17
31
7
15
41
48
30
40
34
19
22
12
155
40
12
36
15
99
70
138
68
195
59
28
53
80
17
32
26
23
79
33
13
13
36
178
158
30
27
20
115
208
283
115
38
49
142
27
32
506
202
13
20
21
409
177
40
105
8
31
89
32
38
399
89
32
35
15
64
119
84
20
21
163
81
97
101
51
95
159
0
48
58
28
20
26
22
28
205
21
173
137
189
73
42
31
65
180
103
68
36
38
26
38
11
12
19
19
12
20
21
202
164
72
36
22
33
8
52
38
59
46
25
13
41
86
51
41
21
20
21
46
79
119
25
26
21
16
20
44
29
85
21
159
139
56
24
72
8
91
31
18
24
26
157
45
57
238
19
58
61
7
48
187
26
76
28
70
32
21
146
141
27
261
300
254
174
42
50
29
99
23
194
43
22
145
94
29
43
807
324
143
25
74
205
10
32
29
61
62
129
67
118
191
205
130
117
646
43
95
78
46
17
42
25
28
25
185
81
152
314
53
40
22
164
200
40
81
125
141
150
16
440
15
86
36
41
28
76
78
52
42
9
-17
10
22
75
50
22
57
29
77
99
188
20
54
27
92
18
121
26
25
16
48
22
23
13
22
9
83
130
23
18
30
17
23
21
44
14
67
23
118
89
41
26
8
22
98
107
9
26
23
26
96
122
95
30
22
12
17
4
29
9
10
13
89
98
67
5
5
9
14
35
7
8
4
23
20
90
93
90
4
6
6
6
8
89
87
87
49
33
31
31
91
105
20
26
11
34
30
38
33
8
54
137
30
19
11
58
62
111
87
157
371
31
55
182
14
49
184
106
60
35
9
15
13
26
35
12
98
27
54
21
22
20
435
203
317
334
203
74
245
26
99
337
378
77
469
19
130
68
157
99
28
107
50
12
40
44
191
35
14
129
186
352
353
35
251
55
220
44
18
110
30
16
10
39
206
48
54
77
31
18
31
136
284
87
33
55
35
13
32
120
21
54
263
155
55
35
27
79
1
19
20
19
17
34
65
140
129
162
39
176
44
61
80
106
20
46
123
46
21
170
129
58
47
29
44
69
63
40
41
50
75
20
22
21
21
212
186
48
22
15
25
146
43
19
40
36
21
21
197
52
86
92
56
27
45
144
37
6
37
44
97
62
17
47
24
27
43
23
21
172
197
147
144
32
125
21
162
42
206
54
281
45
49
83
103
41
55
37
83
164
38
84
21
21
21
22
144
9
11
165
111
102
628
224
79
134
12
77
31
398
34
67
104
185
20
31
151
124
42
128
139
40
33
272
157
10
53
32
32
83
17
110
12
41
106
14
113
22
196
211
152
139
402
262
95
46
46
55
79
49
70
13
38
116
50
39
36
24
22
22
117
15
69
25
47
49
37
18
34
29
22
134
148
109
107
32
78
40
14
35
19
19
39
153
125
112
22
78
23
84
148
29
35
22
25
39
62
8
110
16
81
27
21
44
18
14
31
14
21
15
30
23
92
30
31
40
3
22
20
89
103
113
7
16
33
6
6
19
107
110
90
86
86
86
86
4
8
5
7
87
9
25
68
20
115
43
54
19
19
44
-13
9
33
15
48
170
135
49
17
101
11
22
28
54
135
102
175
62
22
50
38
89
19
109
25
39
85
27
29
17
12
28
29
48
263
28
60
122
21
39
20
121
46
239
13
107
44
142
47
43
23
61
66
91
66
42
48
10
18
42
12
108
754
16
20
20
139
122
111
21
99
140
47
30
68
125
25
13
14
11
77
71
20
132
131
68
451
90
8
49
195
15
90
11
16
12
28
30
12
51
30
21
21
199
128
118
142
46
44
42
39
206
9
44
44
65
19
36
33
13
23
30
46
33
21
87
143
59
37
40
60
16
197
19
70
31
56
8
11
21
60
17
17
14
109
19
38
27
25
32
111
81
93
271
15
23
16
37
16
20
42
96
58
59
48
21
120
125
225
37
15
114
236
57
28
178
56
14
115
10
22
28
35
38
46
21
22
105
259
93
48
127
62
126
223
121
8
68
84
21
103
13
52
39
21
134
163
286
189
63
392
91
48
307
57
402
97
41
131
33
154
35
75
30
15
209
51
13
44
13
31
22
185
221
207
234
128
710
128
84
54
439
422
182
53
52
156
76
15
85
40
14
137
31
22
278
72
469
123
222
525
70
319
11
43
95
56
16
64
56
103
23
12
13
36
38
15
171
74
38
22
168
87
237
78
130
92
17
18
11
135
182
155
382
44
111
42
68
40
25
21
30
33
75
73
31
137
69
22
131
136
43
20
28
44
28
198
108
50
111
15
17
10
35
28
17
15
30
24
53
100
23
23
120
33
23
19
33
37
43
19
22
19
15
39
14
30
28
30
60
127
27
28
79
80
19
13
33
16
15
11
29
23
8
62
65
34
11
22
15
44
7
24
8
22
21
13
20
26
25
23
52
18
8
11
21
98
99
91
4
34
4
4
5
8
24
18
14
12
5
8
86
5
87
7
9
24
24
20
94
115
5
43
14
18
124
12
32
46
22
54
18
8
12
20
20
21
97
180
193
53
16
55
14
99
52
34
31
220
4
8
24
50
65
70
11
14
25
12
32
18
23
20
21
209
70
109
29
69
299
47
14
477
10
47
68
15
36
21
546
72
48
70
27
20
21
21
170
52
102
10
45
319
6
33
45
16
14
29
124
28
84
41
20
20
107
81
293
99
40
64
7
17
1
33
24
15
36
17
34
61
26
246
216
76
80
57
13
34
54
102
70
41
41
56
25
37
11
20
14
57
131
46
180
41
71
51
16
44
57
14
14
42
27
37
86
21
140
28
64
35
98
21
202
41
35
11
14
42
51
91
41
127
124
129
282
252
123
19
82
120
6
33
13
39
58
20
41
131
48
131
202
82
34
24
128
32
43
18
12
55
86
43
16
38
24
21
223
34
31
83
30
336
148
55
16
63
12
43
147
61
22
24
14
58
37
443
47
17
37
32
127
10
93
30
37
336
63
48
13
41
46
63
22
342
80
22
22
140
431
53
129
41
48
185
261
122
49
21
36
26
20
12
271
76
99
48
38
98
37
70
57
151
141
97
110
166
170
13
16
16
21
61
12
38
18
118
47
188
50
67
106
42
105
29
69
38
19
18
17
25
22
14
37
37
25
22
22
22
59
64
16
27
193
9
58
90
14
16
12
14
13
31
17
22
23
22
23
139
49
80
13
31
17
41
23
109
126
138
41
76
41
42
18
66
38
106
17
11
23
29
38
42
76
28
22
108
308
21
9
14
35
37
19
18
4
20
14
13
17
7
25
18
19
95
86
86
4
4
14
-10
6
52
73
5
36
18
20
19
105
28
10
9
15
12
24
12
20
11
28
93
28
28
8
93
11
22
35
27
10
17
11
16
21
21
10
20
20
134
16
20
35
29
52
123
28
16
32
39
21
19
15
46
20
20
20
42
10
6
27
60
34
45
39
24
31
12
12
20
30
20
20
139
153
153
59
58
72
60
87
40
138
96
20
17
14
24
64
25
20
20
145
25
59
41
17
22
13
19
24
46
140
47
144
42
164
19
68
12
17
18
44
22
14
24
31
32
29
21
47
40
31
124
13
13
9
88
8
13
60
21
88
83
145
160
27
15
15
28
21
134
189
20
6
51
29
20
15
21
74
228
66
14
69
46
13
32
16
100
21
158
90
156
87
27
27
36
24
21
27
14
48
27
18
17
57
21
132
108
32
45
18
22
16
17
21
116
14
51
18
30
14
13
23
12
81
10
1
15
50
20
22
43
24
21
14
9
46
25
33
30
124
16
26
14
19
14
20
22
22
106
130
42
23
26
20
15
11
15
22
110
98
195
49
22
12
7
7
10
94
4
4
5
86
7
92
9
2
22
15
100
5
6
14
24
10
28
9
31
18
20
20
16
3
11
18
18
23
34
9
21
20
16
23
6
21
116
13
25
16
18
22
30
17
41
17
11
14
22
15
15
20
20
107
98
130
133
12
14
23
5
6
27
24
36
30
34
12
41
146
10
20
109
36
24
32
13
17
19
20
117
16
65
114
45
36
12
32
68
20
6
79
47
131
8
42
64
18
12
12
27
20
134
37
56
20
31
15
25
83
27
21
122
35
25
24
50
29
22
14
40
17
25
29
21
21
157
123
148
67
58
30
13
32
43
119
106
13
14
55
23
25
13
15
22
21
23
35
127
90
32
51
142
12
71
13
38
28
26
85
121
28
10
53
18
29
28
28
23
48
122
114
44
56
30
29
10
25
25
16
31
17
113
20
42
30
23
20
17
22
22
102
23
54
11
8
27
25
19
31
31
37
17
120
135
108
41
25
22
18
22
102
106
103
91
7
17
9
51
4
1
18
8
6
17
25
19
94
5
7
4
6
86
11
6
16
45
35
74
15
21
34
20
44
14
12
15
20
101
287
101
22
337
202
43
16
17
38
33
99
42
46
77
37
60
134
49
68
32
98
136
229
292
140
273
155
114
23
162
20
124
14
58
8
8
12
14
21
353
111
12
24
239
123
4
108
115
106
407
19
3
7
9
101
80
53
16
70
18
11
443
92
187
53
20
20
139
203
132
9
90
27
40
24
17
97
64
27
151
56
159
141
16
152
126
53
13
40
53
68
19
23
25
16
11
42
12
36
26
20
21
105
202
98
94
75
72
39
34
44
19
16
15
47
15
21
21
129
112
38
57
37
25
18
17
220
154
12
11
36
42
30
17
71
49
14
12
27
11
20
26
41
21
177
171
97
2
44
89
112
131
28
48
33
9
21
17
33
21
31
13
25
34
64
21
104
157
195
229
17
72
44
24
13
194
218
169
80
88
94
68
20
59
26
17
28
35
25
21
259
135
107
29
20
12
10
96
72
31
9
43
11
19
230
37
17
59
106
61
85
17
21
325
172
178
389
163
36
41
63
31
165
25
156
159
178
72
86
12
28
38
567
67
37
87
79
56
21
125
54
202
228
218
263
37
187
37
10
111
106
14
23
47
28
160
66
158
290
25
159
36
25
84
21
121
72
55
33
10
28
14
52
29
10
70
49
81
15
23
35
22
272
106
27
44
56
50
15
94
242
36
38
25
30
20
19
57
22
36
14
141
30
22
194
126
230
35
32
8
18
156
36
-3
27
10
14
62
16
15
22
12
13
52
29
22
37
13
17
110
10
19
19
11
22
13
39
38
16
15
9
12
13
16
27
22
94
141
18
0
30
20
19
31
16
14
9
7
22
27
5
5
6
86
86
26
86
86
86
6
34
-12
8
75
122
100
45
13
28
7
8
10
54
15
10
20
20
123
63
85
6
20
65
18
42
125
94
8
59
18
8
44
41
10
113
20
130
119
37
166
7
111
26
107
28
419
110
55
13
59
20
20
20
132
106
226
176
58
94
178
48
277
17
576
344
14
63
-2
24
25
7
47
46
10
56
299
76
104
93
31
21
287
156
90
39
62
20
48
226
31
18
26
57
11
116
23
21
263
33
168
46
39
100
41
9
38
65
17
64
74
102
40
63
14
12
13
18
24
51
34
21
57
43
8
43
62
72
41
28
19
24
131
16
21
131
135
170
134
16
18
-4
58
29
26
11
25
95
26
21
21
21
152
177
108
62
37
34
104
51
15
21
52
19
125
57
120
81
52
33
7
71
40
135
7
77
67
21
18
85
62
79
34
21
138
154
43
66
46
18
299
73
53
35
43
13
27
42
46
12
20
114
23
37
68
23
21
22
21
125
285
151
92
7
33
23
434
431
50
484
15
180
129
115
59
14
43
19
34
60
272
96
31
190
181
345
100
605
7
20
159
50
329
33
61
44
34
48
54
28
13
74
37
87
13
388
60
22
178
268
27
104
89
7
30
53
18
83
177
25
85
74
57
82
153
26
179
21
51
15
84
138
100
41
30
13
13
66
24
55
36
38
22
134
53
20
37
61
29
17
50
70
113
150
27
48
29
121
24
60
47
10
53
21
39
13
15
22
14
37
23
22
28
44
49
83
10
11
40
20
13
5
2
11
14
19
16
17
30
8
4
10
4
4
4
5
5
5
6
7
83
80
4
27
10
20
87
54
88
79
22
44
32
33
23
68
61
18
12
13
64
20
20
20
40
197
80
68
86
77
13
139
62
59
42
28
52
7
212
26
209
80
16
79
303
11
23
80
12
69
39
76
38
61
30
20
20
175
275
104
88
101
37
224
124
80
156
7
15
215
75
23
26
17
12
29
50
41
114
20
20
528
230
164
258
173
44
178
65
66
44
205
114
18
18
44
25
35
20
20
21
138
17
28
25
89
257
42
18
20
198
40
21
157
203
187
35
43
77
38
27
72
11
74
63
22
73
13
19
21
154
144
132
138
114
215
224
78
83
11
82
53
21
3
33
13
20
54
21
141
44
42
54
21
152
38
266
221
84
62
83
68
39
138
22
47
39
16
24
84
13
37
37
48
20
21
21
21
165
199
55
78
41
76
64
62
16
38
12
122
119
137
65
61
64
31
359
309
26
20
43
18
13
54
54
21
277
210
156
279
219
116
157
45
52
15
114
164
49
27
75
238
91
66
98
89
16
110
19
12
135
325
97
32
27
21
22
165
256
31
315
42
165
354
177
101
18
22
78
19
59
51
91
190
51
22
137
21
186
56
43
389
182
16
128
15
167
124
135
300
219
14
36
20
31
22
61
68
21
156
40
84
17
40
579
24
13
24
66
253
30
34
49
13
42
19
16
85
32
47
22
22
159
61
26
87
50
10
21
27
16
27
37
50
14
14
14
106
22
113
242
110
18
30
165
109
138
63
9
28
16
21
18
18
29
22
89
37
14
19
43
14
127
36
20
12
41
13
56
9
70
9
20
24
14
21
32
23
23
120
9
9
11
19
30
18
99
89
11
52
6
5
7
19
8
86
100
105
6
86
86
86
87
5
6
87
31
9
5
11
46
24
54
111
66
22
50
68
28
22
76
46
47
13
12
18
18
12
11
45
53
109
98
116
157
157
77
437
40
89
32
73
64
56
28
100
17
68
41
26
20
165
300
179
210
101
118
239
21
47
46
46
515
39
52
149
48
165
24
260
67
19
20
20
21
94
81
272
70
73
32
90
35
601
11
37
20
53
25
37
228
225
118
29
20
20
255
60
56
20
32
207
9
21
240
34
89
54
32
48
47
31
21
9
89
15
26
18
35
23
54
18
17
24
17
87
35
21
113
181
70
45
97
106
48
55
33
27
24
24
49
11
12
32
30
26
28
21
125
40
62
34
26
232
22
36
12
37
33
51
31
21
267
86
40
23
17
10
39
42
49
41
21
21
22
227
23
51
14
79
86
197
-19
36
58
47
13
31
58
21
223
172
311
87
226
283
126
54
88
413
20
16
41
382
35
59
72
17
49
17
55
46
12
13
57
29
200
187
104
767
78
103
23
37
21
46
26
22
76
40
51
153
32
106
225
356
186
631
333
197
15
91
40
30
84
168
25
67
22
164
131
209
77
33
31
74
84
21
50
79
22
11
131
22
14
105
37
141
51
134
96
67
188
95
26
20
122
15
19
12
18
21
44
22
37
38
12
16
15
18
33
11
30
14
20
45
22
23
97
133
30
15
17
74
88
167
36
11
17
12
32
14
34
22
115
105
131
23
9
18
21
13
21
14
15
23
22
13
16
100
96
8
20
8
55
32
15
111
11
30
4
26
17
21
49
10
15
19
4
6
8
8
87
87
6
87
87
87
87
10
18
21
94
86
9
17
44
56
62
38
124
33
10
43
27
26
8
20
20
20
21
42
67
36
11
24
191
30
60
88
20
30
5
133
93
205
5
91
101
54
34
21
13
11
262
83
51
62
20
21
108
137
128
171
208
49
49
119
47
114
4
41
33
44
10
51
36
38
31
154
39
41
24
20
21
171
136
331
171
173
116
136
75
56
262
101
21
24
70
103
15
57
16
246
128
115
63
3
31
21
29
27
26
17
25
113
213
148
271
15
10
19
59
50
8
21
10
35
16
11
42
19
22
42
24
131
153
179
49
36
23
34
17
11
12
12
35
26
31
39
44
119
102
230
172
34
79
56
23
38
19
80
49
52
21
39
27
14
22
36
130
112
71
8
113
126
44
120
55
32
60
23
135
145
67
35
18
79
16
207
23
74
109
50
26
150
33
12
13
21
21
21
159
266
274
27
559
170
95
308
46
67
70
15
11
39
147
86
64
15
51
29
49
57
24
128
179
19
58
22
172
58
115
350
66
22
127
74
79
61
21
47
36
113
64
22
197
82
13
139
234
103
18
228
25
35
40
24
49
78
147
47
22
153
151
40
133
87
30
40
54
24
103
42
90
30
24
57
49
18
24
18
34
58
14
24
22
87
135
40
22
22
143
262
101
286
143
153
59
75
21
73
42
32
65
96
37
19
14
11
23
36
23
128
42
25
101
46
45
115
61
55
13
14
88
22
10
43
18
14
46
20
29
24
11
31
29
32
13
16
19
33
23
24
89
48
14
11
43
11
18
54
12
125
42
18
10
10
15
26
19
17
91
4
40
21
4
4
12
1
5
15
15
5
5
6
20
91
4
4
7
86
12
6
48
24
12
13
9
14
6
20
9
16
19
19
111
30
17
40
47
84
29
12
23
25
20
20
20
104
28
42
72
34
9
22
12
20
25
24
18
63
28
25
20
58
51
14
123
27
39
10
22
18
75
16
118
19
42
42
157
15
16
17
25
20
20
170
14
61
8
53
70
20
18
19
16
31
22
114
117
147
90
172
40
14
58
59
76
33
40
58
78
12
14
15
35
19
34
21
108
144
108
40
227
51
19
45
11
5
131
27
46
13
17
39
21
11
35
21
142
104
138
73
36
32
64
8
5
21
40
37
13
66
14
21
21
21
21
26
37
48
28
63
48
21
11
17
12
39
20
21
28
35
100
26
30
29
10
27
38
25
29
22
134
36
15
34
48
19
15
37
42
13
12
113
63
73
37
20
27
31
35
20
37
58
23
45
54
49
21
14
34
12
33
36
16
16
22
16
14
18
15
18
13
28
22
114
14
25
119
25
10
16
38
31
24
45
17
22
22
108
120
121
108
70
31
10
19
46
19
23
59
15
22
88
17
23
13
14
104
115
4
4
5
22
14
19
4
4
86
7
5
5
86
86
7
21
15
95
23
18
29
21
8
20
106
19
15
26
-7
51
23
24
19
14
34
23
31
18
16
35
14
17
20
20
116
111
15
24
65
49
28
8
26
18
13
22
33
10
28
20
20
112
10
23
124
7
31
28
7
9
30
13
31
142
18
26
40
66
15
46
11
38
29
27
49
16
28
20
134
8
37
52
42
27
32
11
27
26
18
28
14
12
35
43
28
20
27
20
114
87
121
164
83
35
151
21
39
13
24
14
12
13
151
165
125
22
75
16
13
171
14
16
12
64
14
33
21
21
135
142
50
7
11
41
77
45
23
11
18
14
22
42
21
21
52
67
41
32
54
19
14
81
20
30
157
21
29
6
29
69
95
17
61
29
16
13
27
26
32
21
127
119
46
34
20
11
46
11
13
16
109
15
7
127
22
21
22
44
68
35
23
53
52
35
22
62
17
30
36
16
103
79
20
2
55
41
48
23
24
21
28
37
36
35
36
12
14
22
22
93
17
10
24
6
12
13
16
103
86
90
4
4
5
5
7
8
5
16
26
8
29
27
40
20
101
24
23
90
9
8
117
31
83
42
14
105
20
128
42
47
71
111
139
13
413
32
244
239
18
105
8
50
80
40
80
78
18
41
97
59
15
44
15
74
591
255
43
25
7
634
46
47
59
117
43
312
227
11
26
70
78
78
15
20
20
20
21
159
138
302
85
129
14
278
48
48
64
16
61
21
22
54
9
53
24
31
132
221
20
20
21
20
292
66
176
85
11
52
15
10
67
47
14
59
36
84
180
127
139
202
206
50
125
149
43
46
117
14
66
143
35
66
13
36
11
25
56
20
125
159
103
157
70
22
27
36
69
69
9
18
29
71
23
18
37
67
29
40
22
53
21
21
63
31
39
101
150
125
11
87
65
161
95
16
9
13
15
12
15
26
77
21
164
181
123
155
53
178
42
32
49
45
24
63
116
29
46
154
228
309
224
49
35
60
26
10
123
63
17
28
42
23
36
26
43
21
142
51
66
54
113
275
39
58
26
36
38
18
14
52
65
32
57
218
23
32
240
103
80
39
80
282
44
29
231
237
35
58
231
30
12
26
86
31
81
21
22
22
132
49
301
191
175
595
15
153
90
129
29
11
17
13
25
29
33
116
268
40
22
22
22
141
161
60
532
78
414
516
15
36
17
74
13
58
26
62
48
27
47
32
22
22
22
115
99
47
159
106
104
46
-51
33
41
45
39
17
74
24
22
125
99
73
27
8
37
33
14
21
35
13
34
67
9
34
24
36
51
20
29
23
28
23
23
134
30
49
18
37
23
33
31
19
23
23
126
29
21
1
28
31
21
16
108
11
23
4
5
5
23
10
86
4
8
14
6
6
87
14
26
92
11
77
53
53
22
58
41
107
24
36
118
23
16
18
23
20
20
101
144
108
114
89
16
107
35
408
141
9
75
93
15
8
61
121
19
12
233
22
11
55
471
124
74
20
120
109
161
482
125
191
75
59
406
68
40
15
87
216
97
47
31
83
37
83
120
489
20
801
266
239
60
153
65
247
36
350
131
92
115
66
62
48
37
20
11
12
12
171
111
125
31
195
29
2
46
10
50
21
58
11
12
12
59
21
21
155
159
105
221
207
163
180
53
15
40
9
12
36
15
45
13
104
16
65
21
142
221
53
41
194
73
37
41
10
7
7
7
89
33
10
21
38
27
42
86
160
168
139
68
35
8
92
19
57
24
11
26
35
12
12
11
32
18
21
21
131
190
201
94
65
9
29
58
33
7
35
80
43
16
25
41
29
19
49
36
55
21
129
133
161
60
27
117
7
41
50
206
15
72
84
22
52
13
48
38
33
21
130
118
39
122
102
117
14
99
90
46
8
30
10
12
182
24
151
21
263
196
247
124
216
45
48
94
120
23
64
19
74
245
41
150
92
98
112
16
163
153
166
246
124
16
320
58
39
384
614
515
34
19
187
124
29
28
12
54
14
40
46
22
114
128
201
49
23
18
148
19
341
34
107
10
27
19
14
13
172
22
22
169
124
260
130
50
85
46
45
24
66
134
40
11
17
30
20
20
96
23
83
122
142
44
46
23
126
24
14
25
18
26
31
22
22
89
95
26
24
30
33
32
14
22
23
125
46
21
45
98
14
23
34
28
24
5
24
18
22
23
23
10
13
10
9
36
11
17
62
4
11
8
8
99
102
110
90
5
5
8
5
9
-21
28
15
12
15
26
97
5
38
65
97
39
175
8
9
36
140
18
217
10
13
16
34
68
16
29
57
11
110
316
43
12
18
232
62
129
8
8
46
21
20
20
20
156
298
558
88
242
447
15
133
125
31
26
20
101
95
43
91
29
34
17
117
44
36
20
118
198
179
90
101
6
139
17
100
77
0
256
52
32
13
26
33
79
66
38
444
34
91
48
53
21
20
257
154
110
46
46
127
120
47
123
63
17
33
19
27
17
27
13
22
12
35
37
43
43
22
24
20
23
63
89
16
28
23
11
22
34
21
45
492
137
127
43
34
40
25
127
36
33
15
75
83
27
14
19
31
17
18
47
37
21
21
171
40
206
49
41
202
81
25
25
141
40
117
34
25
18
30
22
35
21
21
46
19
286
47
30
67
38
21
12
24
43
44
63
139
101
64
51
30
9
65
71
71
19
38
11
32
31
31
114
59
44
43
22
129
390
211
46
89
10
128
22
77
71
38
48
7
55
70
71
22
21
22
187
180
487
18
189
79
32
61
19
16
69
13
41
14
45
28
22
431
394
258
677
14
147
64
22
306
366
46
227
473
228
398
64
7
108
35
74
28
60
63
102
221
105
22
22
211
94
344
223
63
102
7
510
8
28
19
16
25
17
63
24
22
22
22
156
141
63
57
16
20
51
11
70
23
12
14
35
20
23
19
0
40
46
34
55
32
35
24
140
181
88
49
25
36
139
26
2
24
31
15
15
14
51
40
22
83
26
20
28
20
18
38
22
112
44
6
15
52
40
32
12
17
17
22
23
29
38
8
27
14
16
14
23
24
23
4
6
4
19
5
5
6
12
7
75
89
4
4
6
86
5
6
87
14
15
118
15
38
7
35
11
50
10
129
39
87
12
20
21
134
149
78
286
36
59
330
29
105
27
75
85
41
11
16
40
74
11
164
19
29
86
39
11
97
57
147
20
129
186
139
158
86
280
275
21
18
69
60
82
97
89
12
27
26
65
237
50
25
41
107
24
86
311
557
128
19
10
47
67
27
86
20
139
136
113
47
27
249
89
60
253
62
160
46
18
30
69
37
29
18
299
171
16
61
39
34
63
98
18
60
33
28
29
21
108
232
59
32
41
14
25
51
60
46
16
30
28
19
21
12
25
21
72
41
63
48
237
144
40
20
30
106
54
71
31
13
66
12
40
26
24
33
136
149
62
152
82
84
110
55
186
18
31
30
46
17
23
34
21
21
21
21
22
163
22
7
34
74
74
14
23
12
50
43
86
35
171
40
54
7
111
118
71
68
60
218
68
113
39
263
31
22
21
21
156
324
237
90
60
59
7
29
400
50
421
18
48
94
32
197
14
16
105
108
274
22
22
237
42
30
189
27
197
351
204
349
26
109
17
85
28
26
91
144
22
75
69
7
143
35
296
124
155
26
16
27
25
27
88
22
22
152
114
134
102
45
36
168
66
26
26
13
13
16
50
54
23
99
138
12
180
106
41
14
9
8
31
18
22
37
14
22
14
46
33
22
23
110
116
101
125
5
107
75
18
16
50
36
31
23
22
122
14
11
12
18
11
21
23
23
28
11
12
12
123
25
32
5
15
10
28
20
91
4
4
5
6
5
87
23
21
22
61
11
20
14
21
35
12
37
36
58
20
21
146
74
211
228
203
93
28
28
71
101
68
38
53
33
25
2
40
21
71
10
19
12
28
135
20
24
34
34
20
20
112
179
111
292
65
140
47
186
54
183
16
61
58
27
19
21
34
59
11
35
85
28
344
35
152
169
28
248
6
114
430
26
303
1
86
40
9
51
77
47
37
161
71
432
110
23
40
38
21
21
204
159
35
127
6
114
80
69
20
75
57
15
115
13
22
20
21
131
185
123
53
2
30
42
61
116
109
278
58
11
9
9
27
24
21
32
69
79
28
21
21
142
212
172
46
24
213
21
21
104
8
15
14
16
17
22
36
16
58
17
18
87
69
37
142
131
215
49
54
29
24
43
12
20
38
23
14
69
127
125
23
33
17
5
208
18
84
94
66
23
25
35
37
42
51
167
12
35
46
214
214
218
64
36
31
20
41
224
119
103
20
132
86
154
20
340
9
143
30
26
21
171
22
158
206
23
59
42
18
7
147
468
56
197
207
101
15
36
30
23
47
18
41
27
21
56
96
309
207
17
17
22
22
133
135
408
319
28
9
15
517
193
73
105
89
19
30
30
40
34
125
15
54
41
22
22
161
249
189
47
357
66
44
163
38
26
16
16
14
22
16
25
91
22
22
23
23
219
250
51
357
20
59
16
14
63
41
13
35
21
32
118
176
124
70
81
21
17
22
18
30
163
109
68
30
28
13
59
14
10
12
18
22
23
23
15
35
76
14
20
21
14
22
95
152
8
35
44
13
27
29
26
-1
14
20
112
9
11
61
33
7
7
20
26
27
85
86
6
34
98
35
26
1
5
12
22
18
25
44
11
57
24
15
20
20
89
66
10
13
31
11
17
23
14
27
45
45
26
68
6
21
8
-3
2
8
25
13
25
13
18
11
19
19
87
83
76
68
27
32
35
61
16
32
12
17
17
29
44
20
20
118
93
67
38
10
17
41
22
23
14
109
27
139
123
64
69
8
11
12
23
18
14
20
90
24
34
18
18
12
39
31
28
21
106
85
106
190
25
32
37
73
9
18
24
19
13
18
26
18
14
103
132
79
9
76
5
20
48
15
14
21
38
39
21
21
21
101
48
53
42
17
54
21
30
12
31
34
32
42
59
24
16
23
26
7
52
13
96
52
15
47
85
17
18
15
12
45
13
27
163
171
38
58
140
105
183
90
52
250
117
16
11
50
26
14
25
14
29
7
206
8
11
11
23
19
23
22
144
54
18
98
7
39
21
12
20
13
13
12
22
22
69
28
36
97
15
23
37
12
27
44
23
30
50
8
51
36
10
10
47
27
13
26
45
18
22
34
91
38
10
20
42
44
11
38
14
15
18
88
106
105
18
39
20
89
15
5
31
25
19
7
4
5
17
-2
3
11
20
105
7
20
16
15
11
19
90
110
102
31
10
18
8
21
11
21
11
50
12
11
21
12
33
14
31
25
10
9
20
32
34
38
20
102
11
13
18
18
51
95
19
29
18
27
11
1
42
20
21
14
88
13
6
19
27
19
8
39
56
31
43
59
13
20
103
135
23
16
23
48
80
24
16
20
103
9
19
59
27
17
41
17
12
39
20
20
21
111
119
21
9
150
78
21
26
14
12
26
38
12
21
17
29
92
18
191
140
17
31
33
27
63
24
53
17
16
21
21
101
88
46
96
66
147
54
188
30
46
30
23
85
16
21
21
131
114
16
24
120
25
14
13
31
21
21
21
61
113
24
49
41
18
20
45
12
37
21
21
30
7
43
31
31
23
19
9
13
21
10
31
6
24
12
57
10
23
34
42
13
28
13
19
38
22
107
21
40
27
18
12
101
9
18
1
62
10
9
12
14
20
11
24
14
5
8
20
39
21
20
33
18
25
23
20
22
92
7
12
14
20
22
91
19
5
36
45
13
10
10
11
85
5
5
6
86
4
12
40
22
20
49
50
8
23
61
128
35
69
82
35
57
27
21
11
144
377
82
50
89
5
83
48
34
7
96
86
21
51
28
292
27
9
20
86
47
349
104
146
122
88
144
16
103
110
28
31
34
415
34
21
88
99
89
64
60
17
128
91
20
586
119
23
55
16
153
136
70
176
113
49
28
52
76
30
32
56
18
11
41
46
161
35
22
22
218
75
143
36
44
14
35
17
12
12
32
29
21
21
149
57
101
24
32
46
19
23
14
31
13
39
31
24
21
116
137
187
125
195
252
69
23
24
192
121
20
24
42
20
72
40
14
28
32
111
22
21
21
154
51
62
27
25
166
21
11
12
65
126
81
9
5
153
8
54
55
56
48
178
29
179
21
51
21
284
94
139
74
127
64
66
81
58
334
104
95
87
61
114
26
61
11
72
51
20
27
128
19
167
64
21
21
224
171
237
99
32
93
7
34
145
98
167
42
18
17
260
11
38
461
80
29
86
21
21
22
22
234
293
41
157
300
120
121
152
19
241
145
193
14
85
49
99
50
76
34
12
277
13
13
63
27
54
21
22
184
30
58
98
10
20
96
71
107
27
21
10
16
33
12
53
13
13
69
16
47
34
14
43
22
171
101
43
29
12
257
53
5
15
9
23
37
100
23
14
13
17
18
22
197
23
100
2
33
29
16
114
50
110
28
7
35
47
14
62
25
23
18
23
22
23
128
105
45
64
20
14
32
78
12
11
29
20
25
109
118
20
8
11
82
13
25
79
17
15
14
18
21
20
17
100
101
15
40
-3
24
6
22
20
8
28
6
18
5
29
25
8
19
4
4
5
9
6
14
6
6
113
94
16
26
50
45
4
27
9
10
48
23
14
12
11
115
32
20
41
58
181
60
188
59
124
90
68
342
82
12
86
30
211
17
28
60
64
18
36
76
43
93
162
22
98
64
276
159
94
141
41
32
199
75
28
378
471
10
63
12
18
14
38
203
20
248
186
308
87
42
12
112
141
7
21
49
33
104
137
59
26
13
110
12
12
20
20
20
343
173
74
74
34
32
406
21
40
19
55
22
19
15
62
21
148
73
71
50
26
20
26
26
26
26
37
33
15
14
29
120
192
223
213
46
54
176
12
10
10
11
55
43
35
20
131
213
25
23
248
22
32
73
11
33
118
39
13
41
30
53
21
21
153
148
55
132
95
59
56
59
37
47
79
55
162
50
118
65
50
35
11
49
78
47
21
21
21
118
128
229
40
37
327
69
110
8
14
26
47
35
16
16
108
151
99
39
75
38
52
260
305
91
12
144
15
31
32
71
98
92
13
30
78
135
37
21
22
22
182
76
313
183
74
206
216
241
84
128
29
70
28
54
59
39
45
13
46
68
53
152
105
30
21
159
312
54
263
62
56
375
294
92
98
112
52
40
12
225
72
29
14
32
462
325
240
63
139
56
103
140
43
8
122
10
75
17
73
21
35
54
41
29
79
14
14
22
22
69
66
8
80
143
14
115
65
20
26
25
72
103
22
107
28
27
27
21
31
71
98
9
12
21
52
23
25
12
30
22
34
73
47
14
17
11
22
12
19
14
7
11
62
48
16
12
3
16
35
17
72
9
16
12
14
15
22
28
49
8
7
17
10
5
19
14
23
111
19
17
130
13
127
56
11
4
6
86
86
86
4
5
87
87
6
5
26
15
27
77
98
14
53
17
42
22
8
6
15
78
60
116
29
28
40
62
117
43
69
14
64
31
76
17
47
20
20
20
20
90
113
7
248
14
75
91
54
52
94
47
51
80
84
27
38
21
30
12
257
34
56
39
240
38
16
20
20
245
94
67
142
424
14
71
93
32
17
60
18
11
60
91
52
51
39
16
20
420
158
271
639
325
167
254
112
117
155
294
79
21
39
24
30
213
86
20
278
181
160
154
413
54
43
230
9
28
39
35
13
18
16
115
33
30
23
20
113
116
71
111
172
207
77
38
32
22
6
124
92
144
9
41
36
30
34
26
21
83
20
21
21
128
111
155
98
111
35
53
42
114
170
75
28
33
34
11
28
19
16
48
30
21
21
124
235
226
55
42
57
32
31
18
34
29
25
15
154
105
150
90
122
203
7
10
75
45
23
30
31
54
18
53
65
14
21
182
65
84
33
149
89
37
41
317
247
14
34
80
17
82
34
12
61
36
22
148
100
26
144
88
20
35
10
17
179
11
20
65
79
26
31
240
45
31
58
21
21
194
192
241
34
59
33
199
296
26
47
66
95
67
84
19
26
95
67
91
61
47
46
245
47
21
22
156
361
166
133
130
65
73
71
108
65
134
25
90
147
15
50
48
52
27
140
67
22
22
32
56
93
136
158
23
21
375
194
47
65
18
36
113
27
160
22
22
190
48
266
87
33
38
26
139
177
76
52
40
40
19
8
32
14
17
55
22
107
97
45
51
96
61
19
55
8
126
105
22
18
14
22
23
22
45
121
98
21
15
42
17
34
13
14
19
38
14
28
18
47
22
23
29
65
26
25
16
22
12
22
20
23
10
17
68
22
23
97
140
18
8
6
12
31
8
21
24
10
16
15
12
11
22
11
8
12
12
20
92
8
4
5
6
8
6
19
24
26
20
28
65
24
30
61
46
25
14
7
81
13
46
43
78
12
13
15
20
20
205
61
71
78
25
26
155
74
28
55
70
23
64
64
8
94
29
47
184
17
158
46
12
31
63
202
19
41
20
124
179
340
120
50
151
66
22
139
402
68
65
22
57
23
48
29
162
23
36
98
20
20
139
118
129
135
161
350
86
428
90
119
58
128
15
172
21
279
50
11
100
68
11
72
49
259
113
20
20
159
11
34
554
36
78
48
34
67
21
17
37
33
21
159
107
39
148
49
29
118
121
24
126
171
13
56
30
48
62
20
26
140
37
21
20
194
64
41
37
33
14
194
55
19
9
-2
93
27
18
15
58
21
129
91
79
31
288
51
80
7
39
72
62
64
34
12
27
66
88
32
165
35
12
69
56
6
23
12
11
10
78
33
21
22
130
240
199
30
49
100
60
11
32
10
39
27
13
68
33
17
21
239
185
44
75
143
46
313
90
39
35
34
70
38
20
49
70
72
58
63
32
51
13
13
46
19
22
236
119
38
98
37
30
79
10
2
20
178
76
25
18
30
13
27
111
17
22
130
102
331
119
32
148
91
268
348
223
184
59
34
103
27
16
38
42
21
12
231
19
31
48
22
228
285
18
86
16
17
17
12
16
12
60
172
317
42
51
77
29
24
12
61
31
45
17
29
22
22
22
119
10
9
19
43
17
18
17
13
44
22
170
8
144
60
36
14
22
14
23
23
23
122
105
156
21
27
47
86
33
24
22
23
119
41
12
12
9
3
41
15
23
23
1
25
8
8
11
14
4
4
5
87
6
87
7
112
81
45
28
65
20
43
16
9
13
28
12
20
41
21
117
22
49
166
59
230
97
126
16
83
48
45
24
62
10
39
27
111
83
150
156
15
104
20
21
145
315
156
83
69
121
122
73
40
80
89
22
64
50
58
9
25
77
53
20
39
19
168
14
56
36
66
20
20
138
190
384
35
37
17
52
82
568
152
14
17
8
49
46
83
133
69
16
24
36
25
41
52
49
44
208
90
24
25
20
21
114
201
130
23
59
25
205
170
148
8
74
13
11
19
30
109
80
12
21
188
57
262
112
7
57
16
14
80
15
10
33
16
28
21
21
80
90
37
10
56
171
193
11
37
47
23
43
24
21
21
122
208
135
139
296
82
9
16
11
16
29
23
21
23
33
13
45
120
72
236
44
4
10
67
30
32
31
35
21
21
149
137
131
210
255
55
254
58
171
197
51
50
56
50
23
32
24
97
39
21
123
163
121
125
78
191
90
135
77
110
24
13
72
8
10
10
128
96
11
15
21
22
49
13
40
21
159
281
38
75
19
218
307
63
39
29
23
11
43
49
11
25
111
110
97
30
38
22
22
22
22
151
321
53
218
38
395
34
22
5
13
12
27
60
20
40
22
220
84
44
10
18
107
44
16
154
96
82
26
12
19
33
40
31
20
27
19
19
14
119
14
45
31
23
34
101
22
22
22
37
56
210
12
10
55
19
60
14
39
26
42
21
30
28
23
25
12
177
116
86
72
21
20
29
20
49
14
87
94
47
15
64
16
57
43
14
22
23
8
40
18
8
10
72
163
32
16
19
23
23
23
106
16
22
47
14
100
11
10
15
22
29
95
28
18
12
6
9
10
105
4
19
9
95
5
6
7
8
9
86
86
97
86
96
12
28
6
15
40
88
107
111
45
8
41
8
38
35
41
11
25
14
19
19
113
18
56
16
27
21
26
53
17
32
16
15
20
130
145
99
18
24
11
85
8
11
10
31
28
16
34
21
6
35
21
10
10
19
19
19
10
21
76
20
131
47
6
30
14
32
75
17
39
20
25
120
158
156
141
14
20
226
21
54
12
12
87
22
131
63
9
37
27
8
39
30
20
85
18
20
129
146
146
19
29
73
33
37
78
29
36
22
64
11
31
23
22
63
33
21
21
41
24
7
40
47
26
13
27
51
12
59
23
20
21
136
32
48
270
29
58
91
18
104
63
13
29
32
108
11
11
18
18
33
21
18
60
20
43
49
14
15
20
26
80
26
27
19
23
72
18
23
123
136
49
39
33
15
41
83
18
19
13
104
19
213
46
46
65
8
162
23
13
32
14
44
27
35
13
55
15
106
176
41
7
14
32
95
39
79
32
13
36
16
99
81
40
11
24
41
30
21
94
120
45
21
58
109
153
11
12
9
69
10
20
142
9
14
19
1
2
28
7
8
18
5
5
5
86
4
11
15
6
26
23
16
9
42
13
11
112
12
8
45
20
31
17
13
9
69
14
15
14
12
19
20
20
13
18
27
132
19
19
21
27
12
31
29
20
98
114
28
11
120
20
28
34
26
16
20
17
13
113
39
29
6
1
47
9
16
11
20
27
12
20
20
20
110
138
23
45
6
36
48
9
57
20
17
26
12
23
12
27
20
118
118
40
29
29
120
223
10
23
38
22
23
16
41
39
23
32
12
12
44
26
20
21
42
11
24
7
31
69
28
36
44
10
26
21
60
33
21
83
17
20
43
22
227
15
12
25
21
135
127
14
38
49
157
12
25
17
23
35
42
22
117
143
53
13
58
45
28
59
16
22
126
16
29
7
16
19
32
53
16
12
17
21
123
114
129
28
22
46
90
46
52
41
35
14
28
22
17
21
102
136
16
15
23
51
12
17
13
14
18
118
22
14
20
14
10
28
17
17
29
22
122
35
34
40
20
39
25
19
109
27
12
6
10
9
27
4
6
31
5
15
19
86
6
12
96
53
57
15
5
38
38
11
14
11
6
36
19
110
76
182
136
19
17
17
12
38
20
129
84
121
122
49
255
135
67
46
168
336
173
12
209
128
15
39
10
75
61
32
12
17
123
126
116
350
110
232
265
121
19
25
292
117
16
46
104
24
264
81
56
33
76
150
15
20
20
20
148
71
298
171
108
47
123
121
23
51
254
14
96
38
45
31
11
33
109
34
35
20
190
21
72
94
12
163
138
25
27
20
83
157
37
25
24
105
38
49
89
31
39
36
26
62
75
36
266
14
17
12
58
40
11
18
16
28
21
138
55
34
35
42
154
20
11
55
75
19
14
21
51
66
20
39
31
106
35
29
18
68
49
64
49
25
32
28
32
22
30
193
126
235
22
77
142
25
29
17
17
77
111
58
13
14
21
17
72
21
104
187
119
32
49
30
222
229
23
15
68
42
8
12
31
21
136
237
122
34
9
14
253
396
269
284
31
71
10
117
101
30
23
68
105
29
26
94
32
22
151
428
123
361
101
24
208
89
28
18
43
166
21
27
75
46
53
249
133
397
17
54
34
59
210
276
8
276
21
30
13
21
167
11
41
68
16
97
149
63
13
34
51
12
10
16
45
10
21
40
22
119
166
38
83
370
22
114
271
18
11
14
22
148
50
15
31
10
35
9
12
14
34
26
40
59
40
18
36
7
11
61
34
19
23
14
33
22
22
104
44
11
39
9
25
13
30
19
97
14
9
12
9
15
23
17
17
23
4
4
4
11
14
54
11
19
132
4
5
6
6
8
35
7
5
32
20
15
34
20
54
45
15
5
56
18
9
18
96
120
113
57
50
14
38
137
58
19
132
68
336
111
12
99
22
112
46
71
20
104
200
91
221
21
5
30
266
19
189
19
15
13
58
10
40
26
67
63
36
465
139
227
354
162
223
38
346
80
497
79
7
21
17
40
41
19
44
12
31
67
158
152
34
106
67
11
32
19
49
29
42
57
95
208
116
61
19
37
23
20
67
6
57
11
66
47
13
21
107
143
43
235
196
193
56
67
44
156
20
14
45
55
19
23
23
41
21
21
135
192
60
125
28
172
80
146
86
23
56
18
21
11
63
51
34
16
21
130
56
106
68
48
13
109
38
172
151
36
44
15
15
91
62
10
22
13
34
24
25
16
144
150
45
60
51
25
174
20
12
26
17
46
32
154
15
20
39
22
17
21
166
112
124
138
98
38
38
59
49
84
63
68
87
76
14
22
23
21
21
150
281
284
122
43
197
484
84
28
149
172
26
54
12
99
591
81
49
58
65
58
56
26
22
22
203
471
342
233
50
58
10
22
19
82
21
22
21
192
59
172
127
85
58
83
247
57
36
13
48
33
19
27
58
22
42
62
19
28
21
236
10
11
11
16
14
37
42
25
24
46
57
11
29
26
24
17
27
22
22
66
53
30
99
50
13
51
12
19
131
51
19
76
4
166
308
13
12
15
16
115
51
10
9
19
14
9
11
8
20
14
15
90
85
6
6
86
86
6
87
8
11
37
44
99
66
24
24
33
81
11
7
0
23
8
25
99
10
64
10
13
13
138
45
147
104
194
59
261
68
80
119
433
58
9
24
22
9
24
40
50
51
29
189
158
409
300
515
87
22
107
152
66
593
59
89
43
23
29
125
99
26
12
29
16
173
170
138
62
58
602
308
78
12
143
20
18
18
22
39
59
12
18
12
172
86
192
21
41
50
57
54
90
61
57
46
28
41
17
20
112
219
47
24
46
83
75
13
17
15
36
28
24
26
13
138
133
178
25
200
43
11
18
46
17
36
28
45
38
21
154
62
151
200
29
33
13
70
18
24
23
24
30
38
26
62
21
127
152
187
190
130
54
126
54
70
21
15
24
32
11
44
17
13
32
21
234
58
37
28
167
51
87
16
26
29
25
103
84
46
47
27
41
21
16
22
141
253
109
107
63
71
14
155
91
341
95
174
35
28
120
54
121
13
21
22
268
251
199
179
47
115
117
90
20
25
79
20
54
53
13
195
13
13
74
20
28
122
117
183
332
170
7
97
8
212
59
47
125
123
9
158
66
70
18
11
19
88
92
18
41
117
15
237
116
22
22
22
22
109
35
39
127
161
186
252
14
13
44
29
17
26
36
20
14
14
28
30
118
62
37
97
80
37
37
211
41
19
30
17
65
11
22
21
19
18
106
155
233
12
18
55
-2
10
18
21
20
14
105
124
114
13
29
20
31
30
22
14
18
18
26
23
22
23
101
124
44
23
65
8
21
10
27
30
15
15
19
31
110
108
10
26
-8
13
23
17
4
7
17
20
1
3
13
32
12
19
5
6
86
6
86
86
87
87
5
0
28
32
67
22
79
35
31
32
155
58
55
16
63
11
21
16
15
13
117
20
91
183
381
39
92
59
180
55
48
40
99
169
111
172
18
12
49
68
40
25
58
19
36
223
70
35
57
127
13
26
100
25
24
11
37
632
117
113
27
23
35
255
121
256
658
296
32
36
14
54
72
48
20
72
20
142
191
146
153
71
27
108
86
319
9
23
45
23
246
107
34
66
21
23
42
173
146
32
80
42
44
23
81
94
29
13
95
10
29
124
182
40
24
23
60
38
43
78
14
14
18
24
21
139
87
43
211
78
96
158
62
9
21
53
22
24
23
12
65
13
19
39
21
123
203
141
182
163
57
60
36
50
153
52
16
35
24
25
17
21
21
21
21
162
87
256
46
70
21
56
108
115
205
22
55
12
63
48
38
29
53
22
38
14
55
21
196
442
115
87
34
191
374
75
224
17
56
17
82
27
70
68
55
39
209
143
182
200
120
121
42
127
98
53
598
180
137
24
69
103
373
134
35
151
42
14
109
81
22
22
46
10
142
20
12
13
118
420
61
117
322
102
57
64
22
22
22
163
125
437
71
55
50
132
41
53
11
15
66
47
22
47
59
32
52
42
22
22
89
109
120
145
12
75
93
18
65
18
16
13
56
8
25
14
21
14
15
22
305
127
81
61
29
139
12
33
30
17
22
15
24
53
14
23
110
131
131
108
66
32
38
109
22
15
12
11
22
12
98
27
19
79
8
27
22
52
10
13
14
135
137
8
26
31
10
28
15
16
15
98
32
4
13
17
4
13
4
23
45
19
90
86
5
6
5
6
6
17
87
25
8
33
12
96
154
40
63
15
80
40
4
8
10
22
12
34
64
35
17
11
28
17
35
20
20
43
74
6
23
8
14
154
10
58
21
94
12
104
44
22
46
91
154
91
357
262
113
27
69
7
158
36
31
45
69
29
91
66
87
31
93
207
38
20
142
134
155
166
192
364
84
36
21
11
37
24
25
12
24
36
-11
30
21
310
132
144
59
59
20
47
162
118
152
69
13
71
15
10
14
57
13
20
21
198
25
37
73
46
20
18
14
42
67
39
27
21
154
222
68
41
31
40
53
65
28
9
23
13
17
11
45
34
11
15
21
33
21
152
20
45
18
168
196
47
22
32
13
100
30
87
195
47
15
212
133
13
24
12
48
35
14
12
82
133
136
146
116
74
124
282
150
11
21
12
84
13
17
23
53
39
22
173
134
59
55
176
196
39
10
15
65
76
9
120
92
11
58
24
42
28
30
78
24
21
14
73
21
119
164
358
7
72
16
72
166
57
481
44
142
83
126
97
11
290
89
52
22
15
55
31
22
22
187
195
232
225
8
55
40
23
132
32
31
26
66
76
48
19
44
21
23
19
38
27
22
22
22
95
70
62
30
75
207
131
47
38
11
38
15
32
14
42
70
57
278
110
179
77
42
28
33
16
34
37
40
72
15
34
14
13
23
22
22
27
92
215
44
13
24
36
20
16
35
21
13
23
144
121
25
55
8
14
94
30
45
36
23
30
30
14
14
21
22
22
112
100
110
50
13
19
34
82
31
14
24
13
31
11
24
22
23
97
40
30
14
19
45
18
20
17
133
91
4
4
4
16
11
7
4
5
7
86
91
86
6
3
19
17
16
17
13
30
77
34
19
86
11
5
20
16
18
19
94
92
4
34
32
26
13
7
12
8
40
21
18
31
16
106
108
144
65
67
20
22
17
9
10
7
63
51
11
49
17
11
27
24
18
35
22
26
53
26
13
2
7
63
32
120
22
35
12
33
20
120
108
46
22
25
28
21
17
13
13
23
20
45
25
28
20
143
150
166
74
206
42
36
52
106
16
30
23
67
13
39
16
20
20
177
5
6
21
38
27
5
29
26
58
33
22
24
20
60
37
143
128
8
45
9
49
24
77
25
59
22
20
135
78
264
37
29
54
43
53
13
18
15
23
12
47
48
13
21
70
24
21
11
40
20
32
18
79
25
29
21
119
57
122
14
5
9
26
17
18
22
17
21
21
129
110
14
14
23
11
188
27
52
10
13
19
14
27
39
9
21
21
22
95
28
42
26
22
39
24
38
28
34
51
31
12
25
19
33
125
44
16
24
62
8
31
36
18
22
56
29
43
34
13
16
11
19
22
22
101
7
26
40
45
9
96
7
6
30
26
22
4
35
19
7
7
14
94
86
86
7
9
4
86
97
8
20
101
95
15
12
12
8
12
30
25
19
103
13
5
6
19
17
8
9
12
86
53
16
11
17
18
12
23
14
16
91
12
28
5
8
3
54
13
44
27
11
11
15
24
25
95
17
112
8
21
59
17
16
20
33
21
14
47
51
8
26
25
135
160
5
18
14
63
37
10
23
18
70
49
28
38
21
103
6
111
47
49
7
24
47
24
14
11
15
30
12
108
109
114
18
60
40
48
38
29
8
46
45
19
19
10
26
21
108
8
36
12
33
26
47
47
28
54
40
19
12
13
13
14
41
129
81
71
21
47
52
9
29
37
48
16
12
12
23
69
20
12
117
12
32
34
59
75
12
103
54
14
32
50
16
20
16
21
101
132
6
22
72
14
30
20
40
14
27
21
99
91
38
38
36
47
44
18
22
21
40
17
41
26
46
35
15
27
29
17
12
27
35
20
15
15
20
128
144
112
35
48
17
13
37
24
16
115
19
15
15
26
13
23
33
18
101
9
10
47
28
23
96
7
16
13
11
14
16
20
13
5
5
18
16
18
18
15
12
10
13
100
86
86
4
86
87
14
12
87
94
85
93
5
23
15
29
86
22
15
9
23
54
10
12
17
200
89
27
32
44
20
102
152
253
39
2
263
30
175
10
208
104
92
76
32
59
11
63
22
45
23
26
23
48
24
18
22
23
70
48
21
85
56
37
284
13
492
15
21
44
82
42
82
44
56
45
22
20
130
274
69
292
29
105
14
88
26
12
16
62
26
17
62
15
117
32
96
131
166
346
89
144
64
3
19
132
10
292
7
41
25
17
10
10
10
11
22
17
22
21
87
95
20
16
64
45
11
-24
10
43
63
11
12
11
23
23
27
20
21
21
21
173
161
89
20
56
17
49
94
25
11
15
12
31
15
11
28
12
18
28
62
166
87
161
35
58
18
116
66
22
67
17
88
26
22
15
16
21
21
21
161
176
55
77
169
134
28
19
8
17
30
24
11
11
12
14
19
43
47
21
119
144
184
176
32
11
26
31
44
13
21
21
22
160
100
9
39
371
84
14
45
192
38
11
13
13
34
96
20
25
21
231
568
164
97
142
7
23
10
20
713
49
11
63
45
77
92
51
461
68
172
305
403
50
210
497
330
10
81
12
13
25
32
15
12
32
110
15
27
118
21
22
21
399
149
34
68
85
319
11
123
45
34
40
13
16
20
128
15
22
22
216
238
9
130
39
31
24
28
64
20
22
125
217
73
8
29
29
22
22
22
23
109
126
190
79
11
27
41
29
12
13
17
35
21
22
23
126
89
36
41
20
82
38
15
15
19
66
14
12
22
14
22
22
105
18
8
0
20
12
16
40
22
23
105
4
14
13
9
11
19
110
4
4
5
6
86
4
28
6
7
32
52
45
76
6
18
64
30
126
20
178
22
53
11
21
12
62
211
133
83
334
88
54
38
47
210
134
5
13
131
72
140
171
117
127
55
31
12
55
46
11
280
21
102
253
226
219
132
6
20
154
218
64
507
34
26
15
14
10
32
27
9
14
10
37
124
369
43
30
101
124
185
325
475
20
43
7
0
25
39
55
10
32
38
27
95
17
12
221
18
20
20
152
101
149
324
385
25
47
38
18
70
12
67
34
12
19
30
21
16
21
21
21
145
91
18
58
37
48
207
16
85
123
15
17
10
20
14
79
18
10
37
23
36
12
26
18
23
198
36
188
34
56
7
23
49
59
20
10
43
36
11
38
12
35
39
20
21
142
58
66
11
17
233
132
173
9
36
47
29
100
66
56
29
29
23
13
53
15
26
167
47
79
141
34
93
13
28
26
5
14
41
10
11
28
12
82
52
21
21
21
75
259
34
41
34
65
7
12
36
23
27
30
114
180
135
98
38
199
76
7
47
168
8
344
42
18
20
74
13
37
20
143
138
26
45
273
200
73
354
154
525
34
141
17
27
392
99
23
52
47
13
71
193
85
22
50
428
123
345
129
108
39
23
10
144
97
17
20
37
15
40
40
32
95
22
22
256
121
219
61
138
126
110
28
86
32
123
90
11
11
16
52
23
30
122
22
17
125
23
75
73
72
252
15
21
24
31
26
20
28
20
32
20
18
34
112
56
34
25
15
17
50
44
27
18
23
33
23
20
35
16
24
16
36
5
12
21
41
18
32
44
20
22
18
16
18
20
83
86
31
34
18
30
14
14
20
22
19
32
6
8
4
23
23
43
6
16
6
44
8
8
19
92
4
86
86
87
87
14
22
62
21
42
99
106
5
117
59
34
19
17
203
16
67
16
11
12
11
17
8
12
27
14
126
10
76
63
170
88
47
66
27
10
55
25
32
228
125
42
20
100
151
356
120
141
23
32
330
14
77
142
18
19
77
96
63
12
12
518
153
161
96
145
356
189
107
242
22
251
27
10
57
100
90
71
135
12
12
79
16
20
131
111
107
56
42
97
110
8
29
139
82
103
28
11
31
73
33
12
21
142
257
169
14
8
8
17
20
32
93
20
15
11
45
21
127
64
80
77
85
50
8
113
85
19
8
53
12
55
92
19
30
16
14
12
34
54
30
49
36
13
32
21
115
37
190
118
38
29
39
33
33
25
42
122
170
149
66
203
29
37
43
51
75
23
60
57
120
139
32
77
14
13
21
108
38
107
99
15
70
78
160
71
8
22
98
40
21
101
26
26
22
142
148
109
247
64
280
123
56
39
44
13
25
128
44
17
15
36
35
16
119
12
21
179
231
58
595
426
96
244
88
43
15
108
68
54
44
72
143
13
403
58
22
42
33
53
22
274
40
71
384
9
214
26
46
56
15
78
57
18
32
30
96
264
129
21
22
78
121
25
167
38
80
65
29
17
18
34
27
20
24
52
32
22
22
22
169
142
87
86
94
23
70
20
19
13
80
43
11
39
35
20
9
62
40
22
183
187
25
28
6
12
127
56
136
12
33
21
77
38
20
22
117
56
31
40
42
14
47
30
5
7
11
14
20
26
23
23
100
138
41
17
18
43
42
38
10
20
18
15
19
14
107
113
96
18
35
15
7
16
-7
7
12
95
4
13
35
10
92
97
4
4
5
6
6
10
48
16
87
102
100
49
107
31
47
25
15
32
28
116
39
6
9
30
61
18
19
72
121
20
20
96
224
107
61
27
67
302
165
67
43
10
32
23
95
18
16
28
77
32
48
26
12
49
55
20
78
23
136
12
60
178
101
25
16
17
38
33
113
84
8
190
20
133
147
208
336
29
136
221
77
100
41
47
20
10
43
30
23
17
20
184
94
126
118
20
155
300
102
18
6
98
10
24
16
32
24
15
25
41
112
51
95
70
37
9
57
52
119
64
10
14
28
13
38
21
21
147
166
41
66
69
55
44
29
78
10
151
40
62
72
65
81
54
12
18
21
129
149
190
39
36
27
13
174
24
21
117
29
49
31
17
57
25
108
16
21
21
22
164
110
83
30
55
49
199
36
40
11
59
7
10
27
24
36
36
55
21
147
139
36
35
15
130
20
34
230
95
13
45
147
23
22
12
29
27
27
52
145
7
44
101
38
120
41
73
16
89
29
164
26
46
104
49
69
23
129
32
57
21
139
76
500
341
119
50
254
422
14
146
83
21
35
81
12
14
13
338
357
17
219
69
242
178
54
193
483
46
232
50
141
16
33
19
123
28
20
15
149
17
22
22
364
120
39
102
96
179
223
256
67
127
10
35
98
20
126
114
32
39
22
75
17
18
22
22
141
132
157
132
101
17
211
9
51
90
59
11
22
22
32
17
38
22
119
21
30
59
54
54
99
18
20
32
13
69
15
21
23
34
20
35
17
9
11
51
47
10
12
26
15
63
39
14
23
22
22
23
124
119
119
12
53
15
40
24
79
46
10
34
23
101
107
107
47
15
28
15
-4
44
10
38
12
13
12
22
17
79
4
9
15
9
8
8
19
5
5
5
7
86
86
4
16
17
87
11
23
40
15
61
9
23
39
48
10
11
97
39
13
15
20
130
287
54
23
60
32
9
9
28
46
93
13
10
31
13
36
374
20
20
20
149
99
192
261
309
122
104
50
82
8
289
8
44
21
13
30
32
42
11
16
57
126
14
220
31
21
221
88
92
151
105
147
17
325
17
151
25
15
11
25
13
11
30
25
77
241
179
308
27
56
241
91
26
54
9
27
11
42
13
36
21
21
10
97
26
52
30
55
105
66
129
52
17
182
169
53
161
33
74
46
10
28
21
60
23
84
21
148
162
6
30
50
24
200
76
87
49
25
38
21
70
33
50
60
44
55
108
210
30
-1
6
81
63
17
25
15
24
24
33
30
22
142
131
198
294
119
38
205
34
44
23
11
22
23
30
34
68
69
58
88
165
22
134
105
58
44
83
31
28
94
97
26
22
22
126
55
122
86
210
43
174
217
10
209
86
46
75
18
33
13
27
128
24
22
170
231
147
135
98
191
138
145
306
132
27
22
39
54
15
13
14
123
169
25
38
22
22
22
214
31
46
446
43
92
71
22
79
47
22
155
43
17
54
27
114
42
13
27
14
13
49
61
249
114
34
38
34
65
20
64
59
68
12
27
12
28
43
19
54
30
22
23
15
11
16
46
23
10
20
19
12
27
34
22
22
113
137
7
20
1
68
52
43
14
8
89
101
40
57
17
76
17
55
18
14
18
17
22
92
142
100
25
15
8
44
21
36
16
19
110
33
12
49
98
85
88
5
5
5
9
4
5
7
1
9
5
87
9
17
19
92
86
12
7
4
26
39
8
101
101
42
32
27
40
30
11
21
20
20
20
91
101
17
41
17
27
30
41
25
9
24
16
11
49
18
20
115
104
20
37
31
9
15
24
35
20
136
15
25
29
29
53
56
19
12
14
11
17
32
114
20
120
198
213
53
42
87
22
21
57
13
12
29
21
20
130
162
27
45
91
54
13
65
49
59
67
50
73
11
17
39
27
29
64
66
19
70
41
39
66
26
80
10
37
65
18
30
44
21
159
76
141
144
29
65
45
45
14
54
21
47
43
21
117
126
88
80
223
214
21
7
54
37
49
11
14
32
23
12
22
23
6
21
174
125
75
14
41
46
83
20
78
72
40
14
28
27
32
13
21
95
187
36
190
53
10
16
29
13
22
28
138
129
131
51
10
18
120
49
16
80
26
16
47
23
19
16
8
26
41
13
28
16
21
100
106
134
140
65
35
8
16
48
111
28
28
22
23
26
29
22
66
31
13
30
8
80
11
30
18
21
16
26
22
22
109
107
89
96
27
16
58
47
21
59
15
36
25
18
18
19
32
60
18
12
22
92
95
