7
20
8
7
9
100
86
0
0
1
83
15
0
44
18
31
39
22
27
68
13
57
148
63
34
68
37
20
54
129
12
47
20
33
119
180
191
23
11
143
136
144
80
39
27
25
187
280
172
424
114
331
332
390
30
75
13
13
109
5
275
253
46
119
145
327
75
144
98
85
128
8
7
19
4
14
48
62
40
23
78
82
11
10
23
106
114
108
56
20
33
361
258
78
55
145
41
17
8
7
43
10
173
142
133
58
9
146
56
19
68
14
10
45
24
31
131
48
46
162
146
149
111
49
130
249
10
51
54
26
14
19
13
115
30
10
115
209
135
10
4
38
26
27
112
35
10
161
114
102
52
10
161
45
55
34
23
47
33
47
10
128
122
26
206
222
55
11
62
33
102
38
19
11
10
11
129
203
83
184
105
331
161
24
182
165
109
166
143
23
9
66
96
83
11
11
12
202
90
632
62
187
35
179
206
156
97
75
34
11
152
137
471
186
174
40
622
17
193
129
103
9
58
18
20
23
94
58
48
11
11
201
138
230
98
61
179
53
157
96
101
22
48
-1
35
43
185
135
70
24
45
98
38
11
367
57
92
27
4
10
105
43
12
17
53
113
146
189
78
15
15
21
6
5
91
14
5
11
41
11
13
13
96
118
110
32
53
11
106
53
52
28
8
6
18
13
109
98
105
116
26
22
7
11
3
15
12
11
12
11
95
11
13
8
28
40
17
2
12
12
96
0
51
0
-1
7
9
15
116
82
0
0
0
1
2
24
4
41
10
10
86
59
117
45
87
19
185
5
44
8
28
10
134
39
205
91
19
83
92
51
28
8
36
62
23
189
24
106
10
10
10
112
298
486
178
177
88
234
225
240
68
53
122
62
25
80
4
26
21
36
22
158
90
8
54
46
29
38
275
228
110
10
468
209
166
66
62
132
5
122
15
71
19
29
361
25
57
15
128
10
11
220
117
170
17
70
196
0
36
80
4
73
42
13
5
27
18
49
10
11
111
132
417
120
36
154
88
21
114
2
30
45
39
9
77
21
16
10
145
203
86
44
39
11
34
255
136
218
36
19
38
15
12
14
57
11
188
136
148
318
34
39
27
17
4
26
31
12
11
144
127
226
130
219
110
99
136
16
115
72
6
15
20
15
8
41
129
205
232
242
24
37
20
40
180
204
60
69
21
90
14
72
164
139
130
133
17
137
158
275
12
59
113
47
83
79
152
186
52
58
231
206
185
190
126
14
102
65
675
334
107
65
192
49
13
216
36
27
48
27
475
262
81
126
158
11
11
447
211
255
298
204
79
114
178
15
43
106
13
9
23
67
35
147
78
25
102
204
353
90
72
25
47
8
17
84
9
29
5
36
29
16
159
83
29
109
21
14
25
166
136
64
98
39
53
9
17
41
15
10
43
13
8
4
16
12
18
10
36
75
19
23
75
101
125
137
113
57
29
3
9
42
49
40
21
17
22
10
21
11
110
34
34
106
52
14
79
10
9
11
124
122
99
14
14
8
23
40
14
97
0
0
21
21
2
4
27
9
0
1
83
83
18
9
88
17
52
12
34
44
26
112
64
117
51
15
53
24
17
12
137
45
69
288
43
16
22
116
59
87
25
26
47
21
5
180
53
16
11
11
421
81
194
424
179
50
293
208
72
105
165
39
21
31
6
77
58
11
55
69
62
11
11
306
139
88
107
72
112
75
91
40
4
35
392
77
20
24
32
11
380
30
21
330
176
179
16
73
22
60
20
163
53
46
57
11
10
163
130
130
197
90
0
41
41
115
8
142
35
23
14
71
13
21
29
63
17
136
34
110
208
31
76
37
23
182
101
13
79
37
40
26
34
42
194
124
204
29
5
53
47
24
11
127
133
60
38
210
202
31
4
30
17
55
97
45
66
40
21
300
10
166
360
36
131
133
22
208
237
176
306
195
95
62
4
13
17
18
40
11
11
144
221
218
119
85
67
432
173
59
289
94
287
19
75
25
20
17
20
168
48
42
202
55
145
243
258
306
222
292
115
268
43
10
19
29
115
16
22
117
33
72
255
41
72
42
11
12
11
12
11
280
153
100
76
48
87
75
17
227
34
58
85
11
17
102
66
27
48
32
8
148
26
114
61
124
11
12
11
218
112
73
361
22
168
73
17
58
8
41
43
144
338
59
45
136
64
30
131
117
78
58
77
24
6
6
26
11
11
22
57
57
46
30
200
15
62
21
13
18
126
105
17
98
36
14
11
151
64
4
3
10
9
12
97
95
149
106
27
42
78
60
11
16
42
21
22
29
16
12
18
23
12
127
8
17
32
15
19
11
11
6
102
2
13
0
23
10
33
6
9
29
10
83
0
0
0
0
0
83
83
14
0
7
7
26
37
0
92
21
44
45
9
92
3
48
59
37
43
20
31
44
10
10
94
52
86
79
50
142
62
95
38
45
168
21
92
42
22
55
85
6
19
29
21
6
47
26
238
22
11
11
11
162
127
130
39
251
14
143
207
138
87
76
8
26
93
34
39
44
69
61
212
122
290
168
218
39
23
131
250
7
29
29
18
31
349
91
178
15
54
10
134
241
166
111
258
203
399
79
42
22
64
78
91
26
37
7
35
10
158
145
213
45
121
90
39
43
132
14
14
48
16
33
169
157
164
66
86
77
79
137
150
72
62
31
30
28
19
67
158
145
148
232
76
1
31
181
228
53
54
85
83
69
8
13
32
13
67
48
10
227
237
45
60
23
238
161
74
10
36
36
67
18
36
11
11
11
180
100
86
73
34
409
209
16
47
69
38
4
100
60
30
30
11
120
70
105
87
161
78
426
432
471
240
263
30
119
68
57
140
72
494
192
122
174
287
78
73
101
57
67
48
427
39
11
174
414
54
242
39
129
75
3
88
12
18
183
39
215
11
12
12
162
120
109
124
173
54
18
295
61
33
18
59
18
19
7
38
10
26
63
110
106
137
4
149
41
22
15
20
59
13
26
42
156
124
50
34
32
69
31
12
24
11
134
9
21
47
30
24
17
56
137
21
83
16
15
59
12
11
116
12
40
3
13
73
10
13
6
20
8
15
12
96
8
41
1
30
2
21
10
16
86
89
0
0
0
15
0
1
2
2
6
0
2
83
83
16
93
22
10
102
100
120
53
58
151
31
31
45
66
35
10
25
19
10
43
17
90
33
32
30
45
11
66
153
151
90
81
41
193
124
6
37
63
124
7
124
25
19
11
11
236
144
86
86
415
175
318
118
269
46
23
30
10
8
12
48
11
365
106
150
39
95
62
231
47
84
30
27
91
20
44
75
34
96
10
139
45
54
29
20
67
47
64
175
161
46
167
162
69
64
78
32
17
34
44
27
146
11
146
150
210
50
35
25
2
68
60
44
12
18
161
52
52
54
58
182
55
49
37
34
62
61
40
21
23
88
24
44
164
119
290
32
20
31
15
12
40
137
41
48
165
10
11
11
240
233
23
153
30
5
31
18
21
15
22
14
171
11
11
131
146
177
172
-2
140
91
40
279
179
10
32
5
105
46
50
51
246
11
12
138
336
541
397
113
118
17
30
225
198
404
90
32
69
17
75
50
24
22
122
162
11
12
11
233
90
29
212
42
264
22
495
96
43
43
53
93
147
15
59
18
20
131
24
84
247
69
69
27
98
91
33
62
44
41
11
12
12
199
288
135
105
28
108
160
413
136
40
22
9
13
139
49
38
13
30
33
128
28
136
345
88
58
95
112
26
84
11
70
176
210
36
20
43
21
8
11
155
311
79
13
41
37
17
98
9
23
16
23
18
69
15
85
12
11
118
102
50
22
11
4
17
39
13
18
103
14
63
116
4
48
7
25
20
35
49
14
90
112
48
72
14
5
4
19
16
15
16
22
21
96
11
16
16
120
89
96
0
3
0
1
3
0
0
21
86
0
1
0
4
5
11
8
102
7
13
23
27
26
11
13
10
120
90
116
29
12
10
14
13
37
74
30
25
31
25
18
14
27
37
140
96
39
40
5
17
30
18
5
15
30
23
11
12
112
59
55
19
20
10
37
19
14
11
116
155
22
6
126
43
70
48
78
52
27
28
13
7
22
59
42
131
153
33
42
20
7
13
35
152
78
6
54
56
49
39
29
14
24
28
11
74
15
141
143
128
64
68
7
88
12
111
220
97
33
23
60
47
181
2
41
68
30
69
53
5
17
34
32
20
8
12
142
190
43
13
130
245
76
46
79
95
58
13
32
18
31
21
56
36
11
12
11
146
106
50
62
183
41
60
16
23
18
35
65
24
45
105
41
203
191
165
25
36
40
63
9
44
18
39
31
17
13
43
48
38
16
12
181
26
45
14
31
40
14
84
81
159
25
8
25
32
14
30
56
12
145
72
38
38
8
45
62
9
37
21
33
80
23
13
18
14
14
15
14
8
55
28
81
27
15
28
29
30
12
22
12
23
7
13
40
12
115
13
34
37
4
19
6
26
30
112
124
28
3
15
23
32
95
19
20
15
96
32
8
32
18
8
15
85
2
27
9
15
20
7
9
8
0
7
1
6
9
85
86
84
1
83
83
15
45
4
5
90
10
26
6
33
18
31
27
19
10
102
96
121
46
10
7
15
10
9
15
43
23
32
24
22
6
11
18
48
7
35
11
7
27
33
8
14
13
42
18
31
11
11
11
102
54
90
18
70
3
34
32
44
15
18
6
20
15
25
19
11
39
105
27
32
112
49
41
15
23
6
18
16
32
19
130
23
21
11
27
21
33
11
11
11
27
162
22
32
30
42
6
15
11
12
157
82
30
3
24
46
25
31
26
30
8
44
15
26
22
18
118
60
26
88
19
9
46
58
17
15
15
49
58
12
138
127
49
185
7
30
26
18
9
74
85
99
12
20
33
57
111
51
108
42
31
19
59
29
73
27
122
12
50
163
106
103
44
22
26
25
18
10
15
31
13
113
136
162
41
65
28
27
42
26
36
68
38
12
141
138
36
20
23
51
58
25
44
18
10
28
12
13
103
125
114
87
12
11
21
22
20
14
7
14
12
12
104
18
45
48
19
10
25
105
6
15
26
26
27
11
19
8
16
8
14
9
13
102
34
6
23
12
14
8
7
12
100
9
0
12
10
10
0
83
0
0
12
33
121
94
36
19
7
39
66
27
3
37
17
14
53
19
36
16
10
10
251
117
183
249
51
88
111
281
16
144
33
13
14
3
23
7
75
15
65
28
35
10
10
10
10
10
107
210
194
204
229
364
136
190
197
50
80
41
495
518
78
27
21
113
32
33
47
23
50
223
75
71
11
88
176
70
56
137
45
283
1
374
168
193
120
60
21
44
19
11
8
13
52
90
22
39
137
65
10
10
227
23
50
22
23
238
117
247
60
50
41
41
3
30
45
77
20
10
119
129
56
29
51
96
52
25
33
94
36
45
47
28
19
12
109
124
17
45
160
18
51
18
35
11
24
61
11
171
175
41
145
100
48
9
19
15
102
120
145
54
47
47
24
5
52
14
4
39
46
167
222
85
63
27
79
61
260
50
112
118
32
24
255
36
44
55
11
12
144
111
165
230
177
143
112
409
126
117
170
88
182
152
112
29
58
44
26
95
9
78
93
73
23
184
72
41
21
24
11
477
187
29
137
271
92
53
72
323
39
190
72
490
58
66
59
113
69
38
35
82
73
11
381
430
407
190
21
154
261
67
34
26
36
181
48
42
29
28
160
10
36
67
32
143
12
12
274
34
13
176
34
118
11
21
7
14
41
40
12
156
86
71
110
103
18
25
51
49
227
356
142
38
15
19
12
10
8
36
11
110
85
13
78
44
29
11
3
116
14
67
20
23
9
23
10
16
11
124
116
105
41
7
15
62
78
3
9
11
11
47
3
12
81
60
77
37
16
98
103
2
1
31
16
32
12
114
0
2
35
2
5
6
9
83
83
12
0
0
0
0
7
18
0
1
83
0
32
3
86
32
17
16
60
34
33
27
85
19
43
77
8
12
14
69
23
10
120
141
78
38
19
146
94
113
404
29
235
37
85
213
18
74
35
56
59
42
56
88
12
54
141
15
9
41
265
336
31
153
213
471
48
184
512
149
57
59
25
6
14
35
81
125
121
49
292
10
10
173
151
16
69
114
193
307
247
104
24
128
113
17
79
27
7
65
49
65
46
43
15
51
11
60
44
17
103
238
47
25
182
16
39
27
10
11
10
149
84
28
70
97
82
11
8
56
10
10
11
57
209
55
96
27
46
76
68
5
133
10
10
11
130
25
23
28
50
133
13
53
62
83
98
15
4
4
84
16
90
11
232
67
59
83
48
233
64
76
28
15
36
23
99
17
211
129
46
99
297
27
169
31
89
26
48
110
31
37
75
10
12
11
135
310
24
141
22
40
27
409
67
400
131
316
153
2
151
95
55
52
38
53
91
120
41
15
76
11
11
12
351
355
381
41
160
51
6
235
313
80
62
89
86
152
6
32
47
4
59
93
70
69
31
23
42
95
121
46
28
11
12
189
326
19
280
60
229
41
131
72
131
51
23
13
60
63
34
25
14
33
27
92
11
11
258
183
423
80
59
280
92
252
205
74
24
26
72
32
40
11
13
144
15
26
120
32
140
149
47
35
104
35
55
7
27
36
53
35
44
32
43
5
50
20
20
33
74
208
34
38
1
17
3
30
20
240
64
64
82
9
12
14
15
5
48
22
11
12
12
125
53
43
4
26
2
68
12
19
57
11
97
17
19
21
26
25
30
74
24
28
23
17
6
12
12
12
117
7
4
11
2
6
15
0
0
35
0
7
10
105
0
0
1
2
14
0
0
0
0
0
5
6
50
25
2
13
144
32
40
23
23
107
39
12
23
85
10
9
5
44
90
160
152
400
42
87
30
276
43
174
32
96
8
90
176
35
39
21
59
113
18
131
84
68
133
31
10
10
10
132
328
227
80
211
416
211
68
45
85
54
102
21
16
73
39
23
51
61
24
10
10
11
106
181
102
87
69
280
111
31
83
71
10
16
54
84
104
78
10
11
11
10
71
118
182
53
229
424
80
62
379
73
62
23
16
41
41
10
10
70
77
55
36
116
1
14
16
14
22
47
23
10
236
79
53
160
60
31
9
28
20
57
50
124
120
38
145
89
46
145
15
76
63
19
37
42
35
44
9
18
10
97
61
206
140
307
167
46
169
186
72
19
32
22
27
14
44
46
15
33
11
275
74
61
134
104
90
364
81
31
59
89
31
8
47
29
11
12
11
195
260
181
118
54
95
156
391
308
210
147
311
134
161
117
35
59
6
17
163
11
270
438
419
344
128
75
79
43
129
340
7
151
13
119
10
67
74
88
12
109
11
270
430
166
246
200
185
101
204
182
77
28
3
59
75
48
25
39
45
47
59
11
54
106
28
140
52
103
60
298
72
120
19
38
4
204
42
38
12
197
382
50
47
43
89
17
211
163
53
6
48
58
6
24
18
189
4
105
105
100
16
26
43
15
9
3
6
108
121
16
7
22
10
9
101
127
40
25
60
20
22
83
25
18
14
12
11
12
104
12
23
22
41
36
8
0
0
0
19
0
3
0
0
0
2
10
0
0
1
83
25
1
0
54
45
121
47
27
112
27
34
14
17
75
97
41
13
14
41
11
96
66
77
19
60
370
65
42
34
9
24
44
19
28
11
143
110
189
14
61
73
471
51
124
108
148
34
62
10
33
54
23
14
102
87
32
36
137
196
78
67
154
10
165
323
258
97
283
2
120
139
57
10
18
353
90
11
83
37
84
37
65
11
76
59
63
34
20
16
4
38
50
230
10
148
153
209
96
50
20
88
13
22
181
118
27
66
29
24
34
57
53
10
111
124
146
135
52
125
97
221
127
198
111
52
85
61
45
117
149
74
204
92
52
192
1
27
4
32
127
11
155
125
115
82
53
47
103
180
57
72
20
62
8
16
109
11
131
71
121
48
49
218
133
26
69
7
18
21
63
387
147
191
126
158
516
100
154
434
142
145
22
98
46
26
56
35
37
50
110
37
94
12
12
135
165
26
265
45
185
442
258
496
103
62
222
416
73
53
136
15
14
26
138
117
12
12
156
197
187
214
248
213
200
30
65
203
399
237
207
143
42
49
90
23
65
83
40
27
66
33
43
46
141
11
138
364
73
125
209
91
42
153
105
123
97
43
138
49
277
39
31
43
3
25
57
26
7
32
8
75
72
46
30
17
12
12
78
135
29
14
22
382
151
36
2
22
10
6
27
14
14
24
12
11
115
55
27
9
58
180
111
123
41
63
8
23
12
12
136
68
29
27
20
22
86
15
48
25
4
19
12
16
12
114
18
42
27
20
16
16
15
14
130
97
170
103
101
13
15
10
2
7
4
10
7
14
20
64
29
90
85
18
10
12
-1
11
32
8
2
15
9
0
16
14
0
0
83
2
34
14
92
152
48
8
68
32
51
60
118
43
7
14
46
11
135
113
52
34
13
37
304
58
61
70
61
25
10
34
87
35
10
56
6
49
79
137
11
11
108
169
610
246
283
448
39
24
156
61
26
18
340
27
25
61
27
20
223
10
11
10
10
238
11
40
317
162
42
21
450
91
98
40
20
73
20
5
148
27
11
11
10
164
64
10
91
26
71
181
68
31
46
10
10
11
225
33
57
8
29
17
49
20
24
8
11
60
10
11
142
110
0
107
64
5
186
124
60
217
27
24
8
17
13
76
24
44
16
99
274
38
64
56
70
69
52
16
23
5
13
34
44
18
66
16
169
22
11
11
131
123
234
87
87
32
19
155
151
22
55
58
16
10
13
49
26
51
12
138
161
-2
317
128
208
28
95
16
77
20
48
4
69
39
41
44
70
11
395
360
151
42
361
17
321
209
81
50
12
21
14
31
22
234
39
60
42
50
11
207
430
313
310
341
336
80
66
145
20
25
13
248
15
34
81
11
11
12
215
126
279
32
180
281
82
89
3
69
42
8
19
37
121
166
33
11
12
143
51
84
40
18
47
144
4
28
32
20
35
19
12
12
11
45
123
163
83
20
43
86
24
28
41
25
36
100
24
11
154
125
54
29
42
8
128
120
4
21
36
67
12
9
5
14
34
75
126
15
12
15
18
93
27
32
33
38
25
14
54
26
10
13
5
9
11
89
32
19
10
33
12
12
7
88
28
30
92
0
5
0
10
1
1
5
9
6
16
27
33
7
34
23
8
12
8
21
13
39
10
20
125
132
37
23
58
7
19
70
75
12
20
107
26
18
19
126
95
40
14
18
18
11
11
139
104
160
140
8
10
14
15
42
19
15
33
127
20
41
20
43
64
16
15
9
46
3
32
9
36
19
22
50
20
11
12
111
195
30
15
49
35
20
33
121
12
16
23
8
12
11
114
11
45
24
57
16
39
72
25
27
11
19
59
139
89
169
156
34
12
50
7
9
35
6
54
30
11
8
28
12
58
9
12
205
3
33
27
21
179
2
64
38
16
35
12
12
20
58
42
177
31
147
31
7
15
16
54
40
11
4
35
13
55
28
74
17
36
8
22
12
99
116
25
9
41
26
34
30
73
21
21
8
73
14
14
71
112
50
25
15
9
17
31
13
25
98
31
79
27
32
24
19
31
12
62
24
5
27
28
31
6
48
37
35
89
5
19
25
10
5
9
19
10
18
13
16
38
16
9
28
17
14
7
99
18
4
8
18
5
102
0
10
0
7
6
2
16
7
10
92
87
90
83
83
84
83
105
89
9
29
51
93
7
21
17
119
116
79
41
9
20
7
25
30
35
7
17
28
11
11
108
92
40
43
33
7
29
18
38
38
17
16
22
15
12
46
26
13
28
44
51
20
13
10
18
17
12
124
44
63
23
51
20
16
20
92
44
38
18
4
26
32
36
35
49
15
39
13
13
36
6
40
12
20
150
60
42
35
18
43
23
26
15
11
12
152
161
40
11
20
29
21
41
11
108
37
42
59
41
48
35
20
19
17
44
23
36
22
11
32
24
23
19
40
46
4
39
25
23
18
55
12
11
115
32
30
2
48
48
108
48
10
17
123
28
50
31
16
88
22
37
18
36
32
12
138
15
25
47
27
102
28
11
20
119
18
24
128
21
18
19
19
13
13
12
132
7
11
102
48
10
14
12
6
18
12
111
11
30
23
8
8
20
12
13
12
122
15
10
10
8
19
4
1
14
1
6
5
92
84
89
0
0
0
4
2
83
82
0
2
20
3
19
3
6
9
37
24
22
10
20
51
52
5
4
10
5
63
10
98
100
32
65
44
33
40
21
38
92
140
25
8
25
34
26
34
11
5
19
22
16
11
52
22
10
99
107
65
33
116
160
7
20
17
13
24
30
39
60
13
121
72
92
237
47
73
56
52
189
29
32
63
20
9
14
11
5
282
16
44
29
47
10
99
139
34
41
51
72
157
4
141
64
5
270
82
18
27
20
111
179
99
47
14
146
65
11
26
23
35
10
4
19
12
14
30
13
73
47
10
172
70
32
94
31
87
24
16
4
31
32
13
57
53
10
38
22
170
121
12
2
4
20
9
23
34
26
142
34
22
54
115
152
28
40
18
5
35
50
7
145
19
57
148
37
50
19
4
23
17
10
11
30
14
56
144
24
136
136
56
221
29
49
23
13
25
30
33
54
176
80
185
83
64
22
47
122
119
104
32
73
3
128
74
110
6
14
20
46
11
11
12
182
276
80
80
139
1
210
116
31
54
42
22
53
63
13
47
143
157
72
32
3
30
5
24
14
29
17
32
12
12
12
12
93
56
49
4
57
21
173
1
16
11
9
14
29
11
121
67
27
33
41
15
18
3
23
83
35
108
32
19
30
102
47
14
29
13
15
6
10
20
5
15
12
18
16
11
100
15
36
3
8
36
34
15
6
12
8
11
21
2
22
7
15
106
15
8
21
26
9
12
5
91
92
0
1
9
83
5
83
7
26
116
106
20
22
90
49
91
107
82
32
42
49
16
10
24
41
10
11
10
11
94
103
81
146
50
70
30
281
215
45
42
170
29
57
32
24
20
4
364
74
10
86
224
217
66
13
44
531
54
222
220
108
108
53
94
399
76
43
52
67
24
36
49
31
34
403
7
67
47
56
262
10
298
47
636
280
186
26
76
180
120
15
85
17
6
38
616
17
27
75
9
58
35
11
11
10
312
87
16
15
16
108
84
17
8
71
34
27
29
19
159
68
10
160
206
82
76
27
15
51
34
10
11
145
186
191
197
21
7
21
47
85
34
37
48
137
94
233
212
101
28
64
62
13
96
4
39
28
21
223
10
11
10
132
130
2
234
219
83
30
93
180
174
135
16
75
30
136
104
10
11
185
246
2
195
49
25
36
44
94
19
95
63
16
61
16
11
11
11
63
54
294
191
180
12
81
103
39
49
44
105
249
102
26
48
74
39
61
11
158
49
383
282
63
196
77
70
7
8
9
121
25
27
9
24
513
92
240
12
109
256
346
49
113
43
759
239
90
36
81
7
83
79
26
19
22
3
307
55
69
58
38
128
11
12
112
607
17
31
209
56
254
27
73
87
43
120
5
23
51
11
11
12
135
123
13
74
219
40
4
24
-2
15
17
15
123
104
134
22
37
19
92
41
24
15
14
26
23
15
12
133
95
34
21
54
9
12
119
9
6
14
19
12
20
3
31
14
12
21
27
11
13
3
15
97
19
14
0
4
0
11
20
4
9
91
0
1
0
83
88
-4
16
74
10
10
85
31
34
200
59
12
93
0
8
2
73
49
147
25
39
9
7
11
15
11
22
95
130
355
35
123
380
108
97
11
164
45
95
18
210
20
61
207
30
10
11
10
136
239
401
270
134
100
358
604
70
33
47
11
80
50
9
80
45
49
174
11
182
115
182
215
110
37
23
250
550
83
33
18
36
83
67
190
41
66
154
60
174
161
39
52
147
36
13
57
40
14
20
36
39
44
22
15
36
57
260
11
140
49
169
165
88
97
296
56
1
14
4
34
26
42
10
132
219
22
34
2
52
22
24
9
132
11
156
66
122
112
2
4
49
87
104
35
47
4
26
62
13
11
217
17
68
20
17
59
48
72
57
12
143
82
18
109
189
264
157
315
409
171
58
2
108
108
25
25
45
24
23
54
53
11
11
270
75
90
234
45
182
149
51
225
8
168
74
109
18
16
6
119
69
178
42
36
70
65
11
185
342
71
340
112
474
100
34
127
47
283
76
11
18
88
87
157
217
54
105
260
178
91
175
74
203
69
212
3
11
51
17
29
164
29
564
33
33
40
84
19
37
17
74
25
12
128
165
189
43
4
5
48
54
24
20
26
24
38
105
19
30
11
93
334
281
40
76
37
42
112
37
25
5
8
13
28
13
5
13
29
11
98
73
48
15
18
96
18
177
33
15
11
11
12
107
18
43
20
22
24
11
8
69
58
23
11
33
6
17
108
96
37
49
19
15
10
11
36
14
10
17
6
10
12
66
122
11
8
9
7
14
91
15
0
0
5
26
4
20
4
6
0
0
0
15
83
0
0
83
0
33
8
11
48
40
89
10
55
81
16
22
1
37
64
22
82
158
81
57
15
185
14
15
10
126
86
192
389
230
35
101
88
4
48
62
33
10
54
50
30
27
251
181
199
68
30
21
41
14
10
144
431
275
330
259
195
428
46
17
47
21
21
45
32
39
42
18
65
56
181
46
12
106
11
152
350
338
249
540
0
123
404
407
83
27
90
53
175
80
55
16
33
11
10
138
221
48
183
97
25
39
2
10
28
19
26
4
28
45
30
195
42
42
10
220
88
171
3
87
12
8
41
17
22
27
24
37
11
233
74
55
26
117
71
176
13
29
49
74
208
72
20
67
11
120
29
115
10
11
11
132
149
32
52
13
98
156
75
141
18
32
23
17
33
36
133
21
41
11
163
49
96
53
99
53
28
376
133
23
149
248
191
66
19
86
5
40
30
11
262
165
322
123
406
24
352
207
144
407
161
135
154
111
106
73
30
51
184
44
30
28
11
158
192
433
262
278
242
588
22
137
14
20
96
16
420
177
40
25
29
77
26
42
29
181
77
11
11
207
132
16
161
376
61
79
26
137
39
34
5
21
9
379
23
169
130
65
29
16
11
258
130
164
183
112
11
56
13
36
79
12
12
60
84
143
72
32
44
23
288
163
18
27
11
15
12
12
125
137
16
103
8
17
95
98
249
16
15
10
31
20
23
25
27
101
107
106
16
40
3
14
27
56
3
21
4
10
15
29
20
11
118
21
18
10
9
21
12
12
144
17
14
21
11
98
0
0
0
0
83
17
32
39
27
10
0
2
83
83
0
0
83
0
5
83
83
25
10
12
38
10
96
11
15
37
9
7
88
37
62
28
4
35
7
10
105
87
38
22
9
45
78
54
75
14
48
45
5
107
80
202
18
15
25
54
12
10
428
241
37
448
175
170
69
460
111
37
13
435
36
72
17
79
72
27
8
20
65
29
10
146
90
63
326
485
106
385
209
97
126
2
10
141
6
44
20
4
38
57
12
100
43
10
24
10
10
150
252
141
135
29
261
56
28
60
21
10
140
73
116
5
24
204
40
36
22
58
14
13
140
152
54
142
4
56
103
191
44
83
11
29
17
10
11
128
116
158
69
103
31
29
50
127
37
24
106
54
78
19
45
35
43
52
157
106
11
11
143
92
31
52
55
159
139
189
66
55
19
43
86
9
39
18
71
32
142
11
11
126
78
162
200
104
206
72
74
20
23
31
39
21
11
348
222
204
345
484
279
59
380
437
273
365
198
363
43
114
116
68
16
64
23
16
32
144
58
64
12
12
179
77
350
87
262
254
12
72
7
31
24
82
136
10
30
51
36
139
55
18
12
348
134
143
58
23
172
355
66
60
364
98
29
7
43
9
34
11
63
33
219
33
11
12
11
121
59
30
71
260
184
142
14
36
52
43
31
56
29
24
11
13
55
10
38
6
19
146
11
127
312
138
88
42
23
91
42
162
33
24
14
6
32
11
6
41
11
41
15
26
12
114
121
32
11
211
24
17
10
48
12
152
34
56
14
181
55
84
51
24
12
16
109
17
20
20
5
29
18
58
9
17
8
12
119
19
9
86
11
0
3
9
121
0
0
2
1
84
23
6
86
13
20
14
27
79
45
105
98
118
8
13
4
26
8
12
15
10
10
129
110
13
12
16
23
11
10
45
20
23
155
113
30
104
123
33
88
14
110
143
23
43
8
72
55
25
25
63
29
16
26
105
118
161
21
5
52
69
49
32
26
7
13
37
12
144
142
26
39
23
86
33
62
16
27
5
21
46
37
92
12
142
39
6
37
117
39
17
57
49
12
138
23
31
20
19
20
32
26
20
49
14
24
10
35
46
20
6
11
135
149
34
29
23
18
123
20
66
59
21
26
32
11
128
49
53
34
66
21
27
19
12
8
22
35
149
154
68
43
24
7
22
37
133
40
18
10
65
49
43
43
36
23
25
5
11
71
38
7
104
56
114
40
1
22
75
13
5
32
7
12
40
16
108
106
214
131
2
9
26
30
8
20
32
12
25
114
40
65
2
14
8
57
15
48
58
13
8
6
49
40
23
32
12
23
100
15
7
40
31
30
19
25
20
10
19
24
12
97
80
10
13
132
0
91
86
104
68
5
4
23
20
18
10
83
0
0
0
1
0
83
1
12
0
88
11
6
13
40
25
11
19
14
33
36
20
8
4
11
11
17
40
20
13
12
8
103
119
132
111
48
38
4
109
18
13
3
28
25
43
8
11
30
12
122
120
31
12
112
24
13
71
46
12
11
15
170
133
5
46
8
70
109
39
18
29
16
11
12
147
150
36
32
55
125
51
14
12
30
43
14
41
4
23
95
142
124
21
35
16
29
26
22
16
11
45
14
16
11
12
42
50
59
103
60
36
22
39
24
35
6
28
70
126
63
18
42
55
68
15
9
19
16
8
18
20
141
21
116
72
43
36
41
12
20
71
140
39
40
33
39
24
15
11
20
14
27
100
196
15
71
43
79
14
157
4
27
27
11
22
105
19
23
34
30
20
20
12
13
13
4
40
18
32
16
23
7
11
15
20
39
16
22
13
126
4
6
32
10
15
10
13
118
55
18
25
39
11
6
14
7
12
21
7
4
13
13
1
0
11
0
25
24
7
5
7
10
91
93
2
10
13
3
0
32
9
112
117
12
75
17
18
29
44
33
65
105
228
123
175
357
276
61
181
56
196
43
81
124
17
20
13
49
82
109
123
69
14
10
10
204
139
122
386
67
119
154
53
184
16
100
202
158
187
66
445
90
219
37
470
58
179
35
22
4
30
51
35
47
213
11
11
10
120
23
12
60
63
92
48
14
4
11
173
248
12
10
145
152
96
10
4
22
160
56
8
15
33
21
15
10
10
140
222
222
197
184
180
71
35
30
141
46
110
13
4
18
27
24
43
33
17
12
4
44
152
51
212
39
1
174
9
104
54
8
39
34
46
24
33
71
10
11
145
168
89
26
55
53
34
58
32
42
11
11
61
159
65
38
73
81
156
115
89
58
13
7
47
16
68
10
10
52
150
51
19
29
154
80
33
114
24
7
69
66
24
158
221
219
86
11
11
148
386
49
149
54
43
502
54
59
82
24
22
4
79
614
62
60
28
18
318
43
46
37
29
69
11
12
169
314
67
73
78
159
53
25
71
18
59
37
19
27
18
52
4
22
7
76
86
178
24
11
125
204
228
140
177
157
55
54
37
166
34
91
266
51
118
24
11
21
22
200
142
11
153
49
28
22
14
11
12
142
56
27
20
44
296
6
176
11
27
29
21
33
26
11
12
11
106
8
33
52
24
116
19
111
103
43
16
23
20
15
14
24
10
10
42
12
19
98
101
15
32
35
32
24
25
19
4
24
12
130
2
14
16
6
11
7
0
0
25
1
99
84
0
8
0
1
0
83
83
1
3
83
34
2
5
95
69
43
33
72
29
108
9
5
64
11
40
11
12
114
50
159
25
10
36
219
44
61
72
46
24
44
41
392
27
49
25
10
122
102
406
471
327
175
30
29
131
103
72
82
22
35
43
28
29
52
14
31
266
10
112
154
194
377
506
130
181
425
310
283
97
117
72
5
21
18
17
18
29
80
11
10
11
143
209
383
85
46
46
216
56
98
58
54
38
9
37
71
11
107
145
166
0
223
57
45
35
120
149
259
25
94
25
12
13
63
40
3
50
38
27
14
30
10
33
30
221
96
64
53
4
70
27
17
34
11
99
87
73
46
7
17
202
117
-18
15
12
101
35
32
12
15
36
11
80
64
65
29
231
283
11
15
67
47
52
11
120
189
28
286
108
64
351
48
243
9
21
44
45
14
45
34
12
11
237
349
91
132
94
46
74
19
59
96
169
21
74
240
274
124
331
551
309
66
99
26
15
7
88
34
199
28
161
11
11
12
63
119
101
205
482
109
245
279
53
23
38
50
77
86
54
44
69
7
51
33
264
9
69
12
161
138
359
111
27
31
172
24
61
204
72
105
6
37
33
51
5
29
172
49
31
19
11
111
63
69
10
63
54
152
115
54
86
88
6
6
40
17
12
160
12
33
79
10
76
22
40
17
11
18
6
99
24
53
18
26
5
12
113
24
11
37
24
48
90
126
6
6
2
10
32
10
9
89
82
101
1
1
83
0
0
83
2
0
18
17
0
10
88
102
42
22
46
66
44
92
76
41
13
54
112
114
5
35
26
35
101
148
349
236
45
137
43
95
16
64
90
54
35
26
71
127
16
166
52
17
27
168
185
51
115
25
37
48
293
11
102
189
398
66
71
103
335
136
11
135
83
25
179
65
265
251
234
108
13
34
28
43
35
273
406
11
115
26
409
53
34
71
47
10
8
55
62
10
11
286
122
50
75
90
33
28
58
195
88
40
236
138
114
216
2
78
21
22
56
24
99
148
195
112
37
20
98
93
172
13
5
162
10
10
139
41
108
209
114
15
25
173
126
172
59
24
27
112
40
21
231
30
21
11
240
86
84
241
35
18
85
9
140
80
281
225
177
25
5
273
86
107
10
29
25
46
140
31
43
32
36
45
149
290
160
342
219
229
54
36
64
279
188
50
126
90
7
274
64
27
157
37
171
12
152
170
249
118
215
49
32
14
509
182
178
86
62
121
120
28
15
28
26
61
15
15
24
13
38
14
11
15
119
21
12
243
35
14
100
28
82
14
23
39
63
31
22
12
12
11
16
72
49
66
75
138
164
131
143
31
115
4
44
11
11
11
128
43
41
59
20
17
91
124
18
20
33
33
37
114
135
113
13
8
70
5
30
15
9
15
20
32
12
12
36
8
83
17
4
10
68
179
66
23
46
23
18
10
8
4
11
129
16
13
2
19
10
12
102
98
32
15
35
14
10
102
83
17
83
0
0
83
0
83
20
21
40
25
33
83
41
41
18
50
93
2
93
46
58
20
11
10
11
114
180
113
48
44
40
99
121
18
125
9
36
85
19
123
24
11
11
117
176
251
76
27
423
48
28
14
102
11
14
56
363
106
130
30
70
13
290
98
10
11
10
11
205
165
361
121
326
31
54
23
15
40
40
232
14
78
134
107
30
254
39
8
70
12
33
44
31
216
10
10
11
71
104
63
49
28
111
27
50
15
4
34
46
66
145
41
10
191
194
39
65
40
25
221
10
60
19
33
22
46
75
9
4
11
153
123
145
98
82
50
137
168
82
64
8
32
22
49
24
10
11
46
152
165
144
140
179
205
24
3
59
57
17
47
13
29
44
124
51
11
121
247
75
105
42
181
54
53
33
84
127
15
11
11
11
12
129
139
244
126
127
59
74
88
173
59
65
5
102
28
96
74
80
11
11
320
303
71
139
129
22
295
146
100
83
68
34
17
13
37
141
51
135
96
85
30
36
42
11
12
283
294
96
131
287
489
260
83
203
53
143
77
13
110
24
73
23
76
40
58
63
22
149
237
39
17
258
50
57
3
24
51
5
24
326
11
300
117
96
47
40
9
47
119
62
32
60
27
32
13
8
168
120
137
119
29
20
49
31
26
154
67
11
11
21
24
195
14
6
105
29
23
25
98
12
45
21
22
71
25
136
33
11
17
29
14
19
9
9
27
8
12
95
31
3
34
7
9
132
10
18
15
0
0
59
10
0
6
16
3
2
7
9
32
10
92
0
83
0
83
83
43
55
10
10
88
114
16
39
140
54
29
-4
33
42
39
24
22
10
82
126
54
99
291
37
298
40
112
24
191
19
10
13
130
19
15
18
87
179
108
89
30
181
10
10
164
258
117
168
19
150
47
155
35
47
31
23
111
53
45
45
165
17
24
271
10
10
162
194
92
153
215
94
37
307
166
73
25
5
5
84
259
151
8
11
208
121
86
66
439
96
124
220
51
164
8
4
18
131
7
57
26
10
11
116
230
183
143
176
92
55
63
54
15
248
293
52
12
27
12
26
4
31
44
55
11
11
247
215
35
26
7
18
52
56
18
6
17
28
12
81
30
11
11
134
186
155
174
82
32
147
244
176
73
50
51
11
146
124
148
131
76
60
79
36
46
38
13
27
14
11
11
120
160
110
108
25
196
25
220
39
85
12
44
15
40
26
22
76
11
225
315
226
291
438
77
371
44
383
58
20
41
36
105
99
115
35
44
58
165
22
31
82
19
160
97
233
335
194
201
231
233
269
389
326
156
173
163
131
26
21
66
91
76
12
52
69
61
194
44
83
197
163
38
38
412
157
82
51
3
78
112
3
39
44
32
60
66
63
6
31
11
122
36
11
12
85
128
37
55
11
72
47
175
12
11
13
22
13
17
16
43
19
80
32
81
24
79
12
11
118
143
37
57
12
20
12
32
41
23
17
12
50
6
31
203
42
22
42
17
38
30
57
48
35
24
43
12
122
60
36
2
31
10
140
4
6
8
15
146
20
60
37
80
40
68
55
51
109
36
41
28
20
15
8
10
12
12
99
91
35
2
17
8
97
0
15
0
6
12
116
83
83
84
91
10
11
101
0
9
23
18
13
11
11
102
97
180
17
21
19
55
13
105
16
54
11
161
49
1
26
37
16
119
77
29
51
34
10
50
11
140
51
21
25
50
6
18
30
13
32
32
15
7
134
21
3
47
117
77
72
95
15
19
21
141
32
25
14
36
83
54
19
37
70
15
70
22
11
141
36
26
66
16
76
68
25
43
33
70
3
29
54
11
55
142
15
6
52
39
35
15
11
138
204
69
38
353
58
33
16
44
41
37
18
26
32
29
26
9
14
12
11
142
15
46
18
28
11
125
196
16
31
143
132
49
33
29
5
30
10
14
38
11
38
34
20
30
56
32
5
7
14
43
37
30
180
29
54
2
47
30
25
10
15
13
25
12
12
311
97
21
10
15
4
9
5
14
14
7
13
16
12
100
12
2
38
14
17
20
25
22
15
21
133
139
6
22
33
25
11
4
25
10
11
11
8
16
16
12
12
106
16
14
14
14
100
24
11
46
5
13
13
88
3
0
20
8
26
2
2
95
84
93
0
0
0
1
83
0
1
44
73
18
26
21
22
102
91
48
32
154
81
30
31
17
2
46
57
4
10
29
37
49
11
132
36
3
34
51
383
50
340
75
29
21
32
4
93
26
10
11
10
34
97
57
315
69
16
99
35
96
3
18
14
75
44
52
24
11
429
321
142
282
82
28
77
314
15
23
17
21
132
375
240
68
134
58
331
184
5
76
4
20
21
141
44
10
51
224
35
88
11
8
68
27
17
40
19
5
21
76
52
142
206
115
178
123
45
32
138
93
152
133
35
38
34
10
21
58
37
25
11
189
1
34
23
37
14
188
273
128
39
57
3
16
55
17
41
79
67
47
28
19
36
45
11
7
15
159
139
52
63
32
145
124
8
3
11
28
18
37
138
239
166
148
181
119
106
134
182
328
22
174
39
120
149
21
27
26
30
60
42
50
34
11
11
12
166
272
45
138
11
267
647
32
169
68
99
37
29
7
40
60
11
12
141
518
492
22
633
146
207
881
94
241
8
16
17
40
137
40
28
22
11
11
12
11
12
87
28
284
53
22
16
15
4
24
29
10
25
236
11
140
109
83
38
4
1
2
19
28
41
27
9
17
30
19
25
22
11
12
12
110
91
52
25
8
268
26
16
11
14
11
11
100
25
2
23
123
53
18
77
12
32
14
16
6
11
11
13
108
7
14
10
15
13
12
9
9
16
25
21
12
21
91
18
2
29
15
3
7
93
94
18
0
6
0
7
11
11
1
1
30
10
93
95
0
0
0
17
0
22
1
1
9
0
37
28
46
22
39
32
13
53
52
36
38
17
10
146
124
129
171
370
172
69
57
21
8
45
89
39
320
26
3
228
176
84
4
61
23
8
9
47
98
49
52
11
106
106
274
398
53
214
213
178
5
407
389
121
49
107
35
8
6
36
72
106
9
7
33
19
18
41
19
65
153
280
76
217
21
110
32
102
74
22
69
68
101
12
12
142
96
17
10
156
315
268
89
32
40
30
134
116
194
38
66
55
43
39
6
53
17
156
227
87
80
101
209
22
37
36
3
45
79
58
36
27
235
181
61
55
155
115
67
33
42
60
17
26
28
70
23
36
10
39
25
56
27
13
5
14
16
17
38
11
139
137
158
23
232
67
8
27
110
9
18
22
5
7
53
63
11
115
221
328
293
88
113
121
305
14
61
153
13
34
52
97
39
143
150
82
148
274
230
206
98
22
37
161
65
69
55
130
75
51
115
35
171
200
70
218
59
47
196
68
85
30
27
61
12
11
127
57
202
24
481
420
22
206
12
15
19
10
45
114
18
11
12
49
60
27
17
42
47
126
136
23
32
12
55
20
31
28
63
15
35
9
23
11
93
163
24
54
197
91
27
6
19
77
11
108
144
46
8
11
15
9
10
12
136
117
28
10
32
7
24
43
8
27
31
25
15
15
12
105
111
98
17
3
28
17
12
10
11
20
429
0
65
1
17
2
94
83
0
83
15
19
1
36
16
55
10
33
47
163
15
33
14
140
4
31
139
18
16
14
10
159
0
69
42
100
208
114
67
89
3
120
61
41
32
81
13
32
44
103
41
36
10
11
10
10
154
233
262
260
258
323
193
70
414
94
143
13
28
14
15
5
97
9
84
92
63
18
28
41
43
56
11
11
475
337
184
139
104
146
106
337
59
28
403
75
115
116
27
91
45
135
29
14
24
84
35
33
62
54
11
235
139
97
37
57
74
72
40
7
4
7
73
12
29
259
19
69
11
119
91
187
49
54
22
136
30
71
52
37
24
17
49
24
10
158
161
140
217
31
199
166
2
51
35
86
56
23
63
12
24
11
145
37
57
155
29
36
25
90
18
20
2
22
15
11
112
173
183
28
76
119
142
4
38
39
11
154
129
202
169
114
53
34
13
20
7
31
36
56
65
83
102
95
20
119
58
24
329
377
101
37
184
109
66
18
40
16
38
85
75
17
35
178
23
33
174
70
46
340
201
138
223
54
75
194
20
299
27
69
102
136
33
13
32
96
223
11
11
147
89
64
40
138
458
44
117
153
58
50
34
70
149
45
40
143
135
89
16
28
91
16
179
2
43
21
17
31
31
12
7
14
19
68
19
114
32
125
138
141
82
14
68
136
2
13
95
20
4
35
26
15
19
44
11
7
102
24
12
23
18
56
28
12
11
12
32
22
12
14
38
12
44
132
19
9
20
1
15
10
5
27
9
27
7
15
4
28
1
2
14
0
1
2
83
83
23
6
95
98
46
13
3
24
19
46
7
15
96
96
123
97
30
48
17
5
13
11
15
20
11
112
117
51
37
56
27
18
26
19
32
18
54
13
11
55
39
14
140
121
75
15
35
13
111
149
54
40
30
93
42
19
19
27
113
72
109
6
41
42
8
31
51
20
6
148
25
44
16
8
11
63
33
54
32
14
36
39
12
115
42
172
19
15
31
18
57
49
24
15
33
12
11
186
47
49
10
85
40
38
42
52
35
32
50
126
132
28
61
33
28
28
93
176
32
19
19
14
43
29
24
12
131
98
119
54
106
7
5
60
58
31
51
10
81
103
116
139
21
33
184
77
30
25
44
47
12
12
128
187
36
19
70
23
22
176
82
32
36
15
6
10
153
2
23
14
11
7
27
22
36
15
18
15
93
118
112
36
9
81
71
63
29
71
19
19
11
16
22
11
16
24
12
5
11
15
19
13
19
12
91
135
8
3
13
86
5
14
0
5
1
85
0
1
2
1
84
83
83
10
29
12
87
21
7
27
15
27
8
11
19
11
14
127
37
25
49
44
29
7
11
11
114
130
25
95
32
18
29
29
15
18
14
21
35
10
17
12
10
32
82
60
23
39
42
18
28
26
9
19
11
136
111
32
54
47
18
21
22
7
24
8
28
19
6
41
39
10
14
11
112
125
126
5
31
42
169
36
23
32
20
43
47
16
21
26
38
42
12
113
126
168
72
3
4
98
53
33
19
29
49
5
14
18
13
13
15
12
11
104
174
154
124
32
62
27
108
26
19
18
41
17
25
23
11
106
143
58
59
53
30
10
22
23
143
49
36
30
16
20
13
12
51
12
125
123
116
40
46
38
34
55
20
32
26
12
138
66
70
81
33
17
52
36
45
13
5
14
12
95
139
42
27
21
35
28
19
27
19
19
14
6
28
16
110
105
104
34
62
19
49
41
27
20
15
12
13
13
109
103
101
2
24
9
7
4
55
15
12
12
12
103
28
12
21
2
24
2
25
22
23
20
11
4
13
13
107
109
0
6
25
5
2
83
0
1
1
2
83
1
0
6
0
19
21
15
10
103
24
68
60
35
2
14
46
5
29
3
4
3
58
11
18
19
14
15
10
11
122
68
123
16
2
20
58
27
104
13
4
16
16
78
9
10
10
10
10
11
105
179
54
15
32
0
14
98
72
19
13
32
12
5
7
41
46
35
44
16
66
37
18
10
10
58
94
66
10
67
14
5
51
25
11
13
20
11
12
10
11
10
11
11
10
207
132
74
57
71
8
160
103
292
36
14
48
12
47
3
8
29
18
14
10
49
82
28
30
40
119
2
106
33
208
15
33
63
36
74
14
13
161
119
145
47
190
32
2
18
16
27
36
16
45
9
10
38
10
10
11
105
74
37
12
6
37
28
18
35
19
5
16
19
37
11
10
10
10
152
181
68
116
153
125
6
38
91
155
28
29
7
54
7
19
41
10
86
24
104
53
85
156
20
13
38
45
18
36
20
32
52
25
28
14
30
26
60
10
33
84
152
87
95
1
151
105
76
33
16
71
87
16
16
15
21
10
16
27
15
11
11
11
119
30
30
157
247
40
43
111
36
42
16
52
16
38
36
16
25
23
28
12
116
223
236
155
235
65
9
40
42
23
25
21
115
7
18
13
14
43
24
9
51
12
109
126
181
33
29
15
55
3
24
57
52
12
26
42
18
85
14
37
12
167
72
67
7
21
20
149
13
29
98
18
12
7
10
7
6
25
6
6
26
10
31
12
35
94
27
4
9
39
11
115
9
48
11
138
5
49
21
15
3
74
17
84
21
34
19
118
107
31
28
34
31
54
26
32
26
37
6
13
109
102
28
3
16
26
7
89
7
0
19
9
27
6
96
0
0
0
0
0
83
3
43
95
112
37
28
61
14
45
66
83
144
58
5
7
25
37
32
44
5
15
23
11
160
86
106
327
39
76
52
72
381
143
259
154
42
14
19
6
106
11
6
5
106
71
111
14
116
37
90
10
10
125
214
124
110
106
203
287
80
160
112
68
60
58
132
399
150
39
209
59
94
11
124
106
45
32
235
82
210
175
2
94
7
15
39
14
46
92
54
90
66
14
10
11
11
184
293
300
25
189
79
49
10
14
4
32
11
17
159
10
10
262
179
41
42
33
8
20
11
182
12
18
80
168
30
11
136
124
53
82
15
34
25
125
40
8
44
16
11
10
242
23
127
52
39
5
35
28
18
21
74
27
11
11
138
122
94
174
37
72
79
8
14
27
14
45
12
42
132
10
11
126
122
126
124
98
112
92
19
116
38
230
37
36
11
20
109
26
13
21
50
11
12
213
208
90
96
73
270
362
385
5
58
9
7
101
127
47
38
11
57
49
17
11
11
311
187
37
208
335
101
46
70
137
80
52
150
13
51
183
9
64
90
68
33
20
26
146
191
28
297
11
36
11
11
12
226
212
77
105
359
17
151
245
458
161
13
55
82
116
31
46
181
13
326
104
102
178
144
19
11
12
11
128
163
400
228
159
23
118
28
21
23
154
31
13
19
21
32
11
25
122
12
11
112
13
44
5
20
45
123
45
125
95
129
111
77
100
82
5
6
60
4
3
12
11
170
5
30
13
86
70
9
8
15
19
23
25
53
7
36
8
10
15
4
24
19
9
12
108
107
99
2
11
4
13
13
96
0
9
2
27
0
7
9
96
97
0
10
0
1
83
83
8
83
0
67
35
10
14
18
40
6
37
7
9
81
9
9
7
30
113
54
41
67
11
333
47
11
48
34
151
27
50
4
19
84
8
101
16
57
18
113
51
20
25
11
107
220
79
386
305
13
79
45
444
197
12
32
53
64
21
53
62
435
85
75
16
44
12
26
140
133
331
39
60
10
110
196
157
260
477
273
79
49
55
76
30
97
10
13
91
15
66
164
135
78
11
10
286
59
367
100
92
42
30
4
62
21
174
22
10
126
90
98
44
35
37
29
10
24
4
20
11
139
62
48
21
236
173
131
98
55
19
38
61
23
20
26
13
8
53
10
10
11
170
147
30
69
60
84
203
72
46
62
28
30
45
11
224
219
200
2
34
169
29
18
60
83
35
44
87
31
28
55
2
2
62
40
33
39
123
11
47
63
47
11
12
64
76
134
86
280
164
319
16
101
3
31
38
243
19
49
13
29
33
35
220
54
11
12
158
183
13
75
110
497
146
70
92
176
16
20
96
51
186
83
11
144
365
155
334
106
364
521
35
116
355
166
52
302
46
79
33
42
28
84
39
84
78
24
27
16
44
30
50
41
194
3
26
217
5
38
11
31
31
10
93
63
59
34
12
12
11
113
228
47
11
128
47
43
16
9
23
119
132
34
49
80
22
21
58
11
4
18
6
9
19
24
33
26
23
11
12
168
113
32
109
26
95
17
12
18
5
13
15
22
55
11
109
32
30
39
12
4
187
25
8
42
4
15
12
11
95
9
8
9
5
24
6
8
12
108
107
35
12
7
2
7
0
0
0
10
0
83
83
28
2
9
46
30
28
21
165
36
59
20
27
21
12
12
11
127
68
302
57
18
84
123
182
112
4
30
73
91
43
32
104
10
11
10
10
135
453
334
155
229
42
72
155
22
32
338
5
18
17
32
25
531
30
201
45
87
48
314
33
290
14
27
20
96
53
25
4
6
74
29
5
265
58
46
48
10
166
297
134
73
118
230
313
100
272
80
28
19
38
112
17
119
135
37
102
28
186
86
302
10
43
15
15
11
34
165
33
166
202
212
246
53
201
170
56
87
51
26
27
121
49
98
136
134
42
14
203
10
171
169
148
166
55
26
15
96
15
33
16
12
8
35
38
22
49
45
10
217
110
129
62
27
74
179
121
199
4
49
-2
3
29
45
99
19
11
150
144
86
245
215
80
167
96
190
17
14
61
49
58
11
28
90
38
55
11
152
257
89
100
50
288
404
43
17
50
45
26
218
12
202
211
149
254
185
264
537
39
148
12
109
15
17
35
288
11
12
355
19
205
52
69
363
49
548
6
42
184
93
85
13
32
51
66
19
37
11
45
161
122
133
18
84
22
135
77
138
71
11
48
15
8
66
31
42
12
11
11
148
13
55
68
162
29
58
23
336
119
96
14
69
33
15
25
4
6
36
7
40
12
33
117
4
22
21
11
111
85
36
25
29
20
11
12
4
9
57
9
121
13
15
19
140
66
15
17
39
11
6
12
12
13
3
2
7
13
14
103
21
0
8
9
0
83
83
83
8
83
5
19
41
11
7
48
33
26
18
43
4
20
58
30
97
12
16
41
34
125
115
138
52
19
24
315
128
37
14
125
162
3
64
14
28
50
97
164
57
84
24
38
10
101
263
105
50
181
49
54
55
446
78
60
100
21
53
216
29
10
148
134
111
120
448
62
126
83
40
38
46
46
266
71
48
23
46
68
76
121
27
3
33
295
57
11
115
173
14
99
143
362
31
98
55
211
189
58
75
5
128
25
72
153
11
38
36
55
36
28
4
0
55
18
40
11
21
11
201
139
57
84
51
29
70
17
64
158
188
152
128
218
78
66
88
238
73
259
36
31
17
69
57
61
29
14
4
22
95
36
8
46
77
78
70
45
64
58
170
64
12
30
52
4
25
33
20
4
7
11
37
66
41
11
310
131
6
58
79
12
18
46
37
6
89
40
150
54
6
8
34
27
215
175
289
29
15
67
30
97
56
62
108
33
19
30
24
35
44
80
124
157
75
244
310
96
39
216
392
413
26
130
28
22
35
134
100
16
30
17
47
12
27
38
305
14
21
77
31
12
12
143
172
195
157
170
199
171
63
41
479
122
71
52
50
86
13
144
8
36
56
52
12
134
184
118
64
87
28
117
35
132
174
47
23
22
11
13
20
34
60
14
23
11
291
70
26
4
155
37
14
5
26
15
12
133
124
140
116
135
79
28
15
21
19
32
62
99
1
49
38
17
10
15
11
116
113
12
3
15
24
75
11
22
21
10
47
29
12
96
42
31
20
8
82
8
60
38
23
5
8
13
17
9
13
2
108
115
14
2
11
91
0
1
0
83
1
83
83
8
17
18
25
35
11
15
1
46
23
33
15
11
32
70
52
47
22
8
29
41
12
53
12
18
11
12
11
11
11
88
123
90
8
122
35
20
75
49
25
5
21
8
55
15
11
140
126
33
52
23
9
14
62
4
34
5
19
19
7
50
11
124
134
110
48
33
32
32
57
4
20
28
14
41
49
26
33
20
36
43
18
18
25
57
15
14
18
26
11
12
11
11
12
142
23
43
126
23
47
55
40
31
45
24
12
198
118
39
19
30
34
152
129
13
14
46
86
20
6
5
8
27
139
169
194
212
20
20
18
43
83
38
145
4
99
35
15
34
31
8
42
12
12
153
46
21
31
68
37
40
52
38
19
16
29
37
41
8
30
12
12
138
13
37
17
13
27
75
40
6
46
38
52
70
13
16
17
19
12
12
68
6
0
13
28
68
25
22
19
8
140
34
34
7
10
7
36
16
4
131
16
18
7
11
39
9
12
8
12
12
12
120
41
28
40
33
12
28
12
14
14
8
12
99
24
11
10
18
12
12
102
86
125
5
9
18
28
5
6
0
10
0
33
5
7
18
10
98
83
83
83
16
10
13
2
9
1
11
17
11
13
37
37
115
24
32
7
21
21
18
41
20
13
10
16
13
28
115
111
51
35
7
59
13
17
20
15
10
33
11
122
57
12
13
19
8
18
14
20
11
12
11
108
27
56
26
25
30
10
24
8
30
41
11
106
44
82
44
103
10
41
48
44
25
12
27
116
136
112
111
126
92
19
45
27
27
33
36
169
40
38
19
6
18
33
11
41
49
141
20
45
17
16
15
23
140
30
51
6
44
41
19
13
6
23
43
118
153
138
30
33
26
9
7
12
17
8
37
28
41
21
19
146
26
21
69
55
4
13
10
8
31
17
11
12
41
34
19
49
23
41
40
53
85
23
50
13
109
28
60
2
62
37
29
17
29
14
22
10
37
9
24
20
10
14
102
62
21
24
8
15
19
13
13
97
115
30
8
5
15
24
18
116
108
25
24
6
19
44
21
9
15
9
9
9
12
7
5
103
0
9
32
0
0
0
5
12
7
16
3
8
19
9
89
0
0
1
82
0
83
27
22
75
16
15
9
10
102
111
44
31
18
32
15
26
23
26
34
5
38
24
10
23
74
4
24
45
78
32
10
10
134
91
43
41
52
96
48
31
78
75
23
24
15
26
141
162
10
10
11
103
125
66
367
78
63
56
58
116
128
55
172
17
59
26
25
33
49
339
214
125
104
10
11
10
205
134
202
200
105
72
287
37
55
739
88
41
69
76
103
158
30
62
75
113
14
349
33
29
76
11
44
11
10
25
34
69
40
50
116
140
98
57
126
34
94
51
100
244
134
132
37
15
14
30
9
51
64
31
118
10
164
186
80
50
66
33
36
32
126
133
141
96
32
17
65
18
37
30
30
56
52
21
10
11
40
137
73
45
58
43
77
56
43
55
19
11
170
139
0
70
73
40
10
253
103
133
55
10
63
22
93
16
34
33
231
153
68
209
179
32
27
24
69
25
30
4
48
38
190
11
11
12
162
80
44
265
140
265
77
56
18
22
87
116
116
74
28
68
56
338
11
157
254
445
153
420
89
55
350
49
140
27
11
16
93
66
12
91
36
11
602
302
27
242
248
80
0
30
128
30
275
27
14
226
59
27
35
65
169
33
18
30
98
41
146
49
19
41
29
54
5
32
137
28
16
37
126
277
63
60
29
54
14
126
23
112
20
47
19
15
7
47
48
18
11
12
107
99
35
32
54
218
55
61
25
7
17
28
17
9
20
48
34
19
11
26
69
16
10
9
17
13
20
24
28
97
122
26
1
4
12
34
16
11
14
94
97
3
18
19
4
51
3
9
14
45
8
0
12
2
6
86
83
0
1
15
1
2
83
83
83
0
83
83
10
109
94
109
41
16
35
190
43
59
111
12
33
7
55
9
7
104
18
10
11
164
119
57
107
139
141
34
24
35
131
55
22
42
12
10
10
123
398
121
161
122
81
476
409
211
160
67
55
92
21
33
8
53
219
10
10
11
402
146
273
53
56
45
69
380
28
222
490
15
21
35
32
35
24
45
64
10
124
130
193
63
141
142
121
20
420
184
60
13
50
55
17
18
18
71
7
49
19
39
67
11
53
47
17
51
193
179
87
165
25
17
142
93
23
-7
17
34
29
16
37
39
126
137
20
42
125
156
185
24
55
67
8
58
29
92
34
45
60
184
167
2
76
45
64
24
33
23
31
25
44
10
135
142
171
202
68
101
90
19
188
10
92
0
23
24
32
4
38
70
53
11
150
32
61
36
525
136
9
25
25
111
58
19
143
235
59
29
11
12
234
42
129
37
29
327
135
131
379
43
136
36
154
33
58
86
25
77
7
11
175
170
404
601
79
25
84
267
165
40
4
5
42
63
32
13
11
16
48
170
207
11
11
12
37
137
109
32
131
19
97
14
15
14
11
11
133
43
24
37
46
61
93
14
44
31
11
94
33
25
12
12
4
35
97
11
28
9
9
18
107
22
43
10
17
27
5
16
4
22
25
17
41
9
26
89
20
11
18
111
124
93
25
9
35
25
18
15
12
12
96
87
90
3
56
8
13
13
38
10
383
2
0
0
0
1
1
0
83
83
83
83
8
21
18
44
19
78
64
40
23
3
97
31
78
16
13
61
29
13
9
14
15
27
14
10
113
129
158
48
73
391
14
114
57
100
188
57
63
178
34
4
12
23
19
191
18
109
24
10
400
242
466
290
86
120
29
131
51
504
167
73
95
16
59
504
7
12
44
202
19
11
10
123
106
266
150
241
204
39
30
95
43
11
19
23
43
197
11
10
143
69
55
75
334
15
207
143
62
77
61
47
27
12
227
10
11
120
182
97
101
49
16
203
53
14
37
48
37
26
143
167
200
194
114
32
26
16
39
55
95
16
10
110
104
145
146
48
41
222
44
14
39
32
11
119
24
13
64
26
74
133
143
130
81
34
64
58
38
52
13
32
14
7
190
21
55
214
-2
116
79
18
25
142
270
30
124
100
64
18
42
35
11
11
11
12
153
315
49
193
198
128
28
29
128
125
2
32
25
107
58
68
196
232
62
34
41
46
232
543
307
89
46
85
37
105
32
56
25
44
17
97
61
70
116
32
90
30
152
42
11
11
199
74
82
426
29
725
5
504
74
47
18
52
20
87
24
33
136
185
38
11
169
38
465
172
88
155
100
72
218
57
40
4
67
22
8
151
18
66
50
23
5
8
44
146
74
11
62
51
278
71
49
21
50
19
32
76
23
48
23
121
13
23
4
37
112
24
125
69
60
25
76
38
10
5
7
18
8
13
62
26
12
106
110
23
52
18
62
149
9
24
3
8
20
43
11
139
9
28
9
22
89
14
26
11
28
4
6
12
9
3
11
12
38
5
20
8
10
91
9
4
18
12
5
16
40
21
14
12
3
24
4
9
94
109
86
1
0
3
0
2
0
42
37
13
98
95
85
34
130
99
31
36
77
24
4
68
54
18
40
107
126
140
118
47
291
92
11
24
22
89
8
59
45
43
24
42
95
329
262
86
32
353
26
9
20
20
53
203
25
10
10
142
22
80
17
294
266
619
9
85
22
13
64
36
21
21
41
6
237
87
11
312
217
160
175
266
31
5
51
34
68
0
156
41
20
54
17
4
187
32
60
41
63
32
47
156
96
12
33
177
59
62
-1
52
15
15
12
45
227
33
71
25
90
32
105
29
23
116
29
11
24
30
23
28
118
122
39
52
29
68
52
30
14
11
40
11
99
85
37
225
241
32
159
91
155
97
-13
21
58
37
61
73
51
12
25
38
6
40
31
20
11
146
378
174
64
50
-8
29
68
64
67
5
70
98
11
11
12
156
33
375
340
368
107
35
73
68
101
15
88
22
105
34
68
80
113
48
11
11
11
177
114
180
57
234
233
133
309
143
284
408
447
45
291
0
85
39
30
13
23
104
179
193
365
424
82
207
318
26
65
627
213
55
45
24
26
24
63
6
56
19
63
13
13
11
135
178
179
19
259
5
18
24
34
12
12
15
147
16
67
42
130
37
38
11
114
44
52
350
119
41
157
26
20
8
10
10
36
11
12
131
123
117
5
27
30
49
7
12
21
19
17
31
31
20
13
16
40
2
169
20
198
65
27
28
11
19
19
13
59
12
12
12
94
12
8
13
33
27
12
13
22
14
41
30
11
91
88
6
23
58
14
33
11
21
6
115
90
0
1
0
0
0
0
8
19
19
12
39
37
36
25
9
34
30
34
40
34
11
47
29
8
134
29
24
37
13
6
45
10
94
113
321
143
188
8
334
83
15
40
321
73
32
144
80
15
6
53
29
158
85
100
221
215
338
345
349
150
126
237
36
11
30
13
43
57
195
19
26
10
10
10
11
168
18
136
137
37
258
109
41
277
280
70
11
10
107
181
121
315
30
24
73
438
15
170
15
10
232
120
101
43
6
117
51
313
35
77
24
27
11
11
11
57
42
26
25
188
8
134
66
16
57
156
37
17
32
34
141
11
101
171
113
98
28
139
53
34
80
20
90
27
75
117
24
20
11
132
209
112
95
94
63
81
129
76
41
11
28
77
24
5
74
30
16
26
12
56
110
69
31
26
225
13
49
114
145
31
181
142
143
62
289
6
93
43
19
178
44
149
75
12
288
109
252
133
35
46
20
20
48
22
140
24
133
16
12
11
11
12
72
93
236
68
45
68
67
132
375
163
187
4
47
27
43
124
22
266
28
189
146
159
137
27
63
37
66
105
42
45
33
4
30
33
8
23
43
54
11
6
121
142
57
173
207
49
22
25
60
90
95
109
17
6
10
27
13
22
19
28
38
41
9
113
47
45
42
96
32
43
59
66
10
15
9
32
111
110
119
32
16
15
23
14
23
16
10
99
47
46
20
35
93
21
20
58
13
24
10
15
7
22
5
5
16
12
94
99
10
10
13
55
47
17
26
7
12
26
90
0
1
11
6
1
10
83
1
2
0
1
2
5
84
92
83
28
16
13
34
88
23
8
7
23
43
103
65
39
21
13
17
11
11
99
58
13
36
1
26
4
23
54
80
22
22
17
11
43
12
37
97
13
24
63
25
46
32
17
18
14
12
17
11
114
115
127
155
32
19
12
16
15
20
127
44
51
31
42
8
28
118
70
29
35
17
9
18
20
48
11
159
1
29
81
74
63
38
13
5
23
87
32
44
12
122
137
96
168
26
83
47
37
39
46
31
14
16
33
9
47
12
135
153
30
32
28
46
55
30
25
7
37
35
36
69
146
38
16
78
29
97
41
41
43
62
44
25
46
27
11
14
56
140
197
177
17
33
24
23
16
26
15
21
33
11
188
29
65
41
50
55
95
104
19
21
57
36
12
12
138
10
42
17
36
39
44
32
33
8
34
69
24
16
11
42
153
16
28
28
25
37
23
25
12
12
149
24
27
51
13
17
49
12
13
115
123
98
49
20
25
27
12
15
6
30
26
103
115
12
11
7
9
17
42
12
12
96
9
28
9
110
27
19
2
10
0
1
1
2
3
83
84
87
32
35
14
38
16
13
24
47
3
110
29
63
43
21
20
34
26
3
19
7
13
27
18
23
135
48
67
72
22
26
21
23
28
25
14
42
27
26
11
118
119
23
87
51
46
8
11
40
30
11
11
99
91
121
16
31
10
18
74
39
27
22
19
21
6
55
22
17
40
41
37
24
3
18
15
18
21
131
49
75
53
138
57
39
14
11
32
22
5
53
158
11
22
21
41
26
135
35
27
47
27
7
24
66
138
110
121
34
18
39
44
30
17
29
23
31
23
11
184
103
32
7
46
146
31
36
23
15
65
32
33
52
58
116
31
31
185
77
59
184
61
30
9
25
7
25
29
6
16
12
11
122
149
85
54
82
34
45
25
30
5
17
30
15
12
38
13
16
27
5
40
11
25
54
20
124
116
74
17
45
20
16
16
50
29
19
46
24
106
28
12
20
16
23
19
135
19
14
46
103
17
17
10
26
18
12
95
11
19
13
10
9
13
16
9
10
13
10
2
5
17
16
103
