4087
-33
67
1028
4053
903
203
56
43
186
102
32
930
713
355
177
258
219
67
390
131
504
120
125
135
3208
1492
578
1077
1233
961
1005
53
3781
597
173
80
1196
422
314
419
1388
197
226
173
447
162
97
187
242
22
291
2635
165
222
125
4066
4718
2560
4361
1694
324
1017
206
1169
951
1408
480
1674
344
96
492
192
172
126
292
156
249
1027
245
39
152
121
134
53
209
125
126
115
126
3451
987
1098
408
542
312
508
313
819
-26
105
455
359
653
486
183
193
166
88
131
120
2035
2948
3073
2764
1987
-6
347
-62
903
-59
2106
702
241
185
200
860
15
340
227
133
18
321
28
32
87
150
194
119
352
343
247
398
169
128
535
131
128
127
3367
453
622
685
236
565
157
280
373
327
180
3395
3309
304
182
159
124
236
289
447
429
161
468
298
154
431
156
146
2752
909
3218
1411
1801
236
-272
71
659
390
479
952
225
587
1323
301
441
514
66
107
165
530
41
49
600
83
221
857
124
3506
1535
1743
1775
802
1144
-25
949
2260
28
1280
873
111
134
1026
1070
306
93
1255
1223
333
415
-10
995
606
483
130
128
131
4107
1607
45
959
1393
581
4128
47
152
59
433
414
762
1254
109
277
181
151
217
343
190
40
292
239
40
179
467
114
329
2085
195
151
376
3704
2098
447
137
1431
1440
532
196
1207
469
873
919
1182
107
150
-120
209
67
318
562
720
724
458
95
237
376
137
222
512
503
325
134
120
130
120
126
3434
3324
3124
141
1401
827
427
1484
112
793
3890
44
837
201
1804
321
121
95
338
15
1056
769
190
584
133
4310
4408
4096
695
320
2128
1642
270
-29
54
6
306
161
269
418
1192
142
1086
224
109
171
349
359
253
423
162
150
151
3131
205
354
700
252
483
449
163
240
355
645
949
145
448
207
164
160
3706
3167
1101
1514
972
10
-7
2633
78
156
187
765
652
219
218
285
137
255
214
269
128
159
147
271
358
153
365
520
3072
709
211
115
115
3300
4024
1021
1471
3738
49
1750
160
208
444
15
4487
4785
45
-45
334
395
262
799
170
537
336
284
477
232
86
187
485
162
-17
121
126
3188
3923
1830
4111
90
1563
0
62
545
380
872
638
192
891
392
307
376
121
63
79
354
488
222
1
178
807
126
116
2463
4128
225
2044
89
44
1281
1204
2625
1420
64
5
460
238
238
296
787
449
295
114
219
421
249
-116
142
145
31
41
494
630
61
699
578
128
3998
4563
355
794
351
3688
81
213
2817
1180
123
404
35
1067
178
126
368
-56
342
138
29
229
508
127
153
598
394
366
790
338
131
127
3358
3090
3152
3022
324
183
111
2592
761
218
1026
153
111
322
158
358
305
151
2435
3688
194
735
1003
429
1627
389
2532
511
370
701
634
269
130
480
559
628
190
155
155
2515
2679
2860
2939
591
883
821
1249
418
274
469
311
50
144
501
128
245
170
175
392
52
178
184
403
185
96
330
751
225
61
254
403
133
129
130
132
3065
3596
1269
1474
30
1232
33
880
248
3449
31
1157
1050
508
553
54
433
865
307
361
30
98
76
129
2146
954
31
621
125
1316
1410
2144
1675
1344
1471
187
4791
951
4241
152
712
398
92
379
288
158
470
386
17
300
150
368
197
172
537
320
127
129
119
133
88
110
124
760
2310
1399
268
3674
700
541
914
403
209
237
661
305
307
86
143
182
91
132
103
55
174
1745
48
63
143
303
622
556
122
3100
4021
2652
3389
2754
154
1457
1083
1404
2763
238
84
152
95
1044
1066
274
97
89
270
815
77
164
1561
72
264
3080
556
1662
152
695
756
1054
158
188
751
171
304
446
439
354
161
3343
178
558
344
329
623
693
845
215
139
139
350
275
407
421
161
163
3376
2680
2044
240
3482
24
719
883
48
113
735
9
352
171
71
182
192
297
137
120
71
668
128
2909
3109
931
3534
1344
132
33
3444
279
247
150
1043
325
103
678
148
132
1592
21
64
54
184
-140
277
534
45
95
1295
2277
425
204
643
501
832
117
2911
3482
1795
1112
313
529
1265
29
-8
497
8
1324
1877
208
22
626
68
248
1581
501
372
2485
482
811
127
267
950
3374
1024
1142
1118
1622
116
3435
69
1373
74
911
588
583
769
282
2082
1202
168
105
328
413
515
419
243
345
869
60
101
547
307
3225
1531
1932
1313
1615
85
948
1007
2748
141
4155
212
582
1109
468
123
226
1512
1413
308
122
116
98
11
202
584
127
184
158
354
396
209
190
113
135
136
124
540
2798
743
296
350
133
743
746
514
1672
776
807
1039
411
342
241
529
160
152
2914
761
1872
166
-35
391
469
264
640
239
140
161
163
326
429
200
164
2247
3028
2594
134
1131
31
3742
2023
839
58
4313
332
273
645
406
227
1217
180
332
277
23
136
1239
762
346
212
49
894
133
285
2714
726
167
294
59
130
3012
3703
1207
2772
1658
27
520
-42
71
100
255
4187
346
1283
393
335
153
149
122
349
698
233
507
126
84
318
126
126
116
3066
4380
432
65
1345
1900
3966
2
-10
1226
368
908
243
551
127
469
223
195
1688
1125
441
297
282
188
255
159
615
1602
533
2389
310
70
1593
132
126
4378
631
286
861
2447
3029
224
29
877
88
893
148
225
270
128
1310
203
132
361
599
196
320
275
110
32
24
1267
448
634
207
534
208
1188
427
308
2100
151
472
174
263
184
122
2907
289
1187
5
682
3343
3255
3961
125
653
3735
996
312
997
246
104
180
1271
159
349
279
217
81
154
34
3
738
546
486
313
423
367
142
117
383
147
297
806
133
134
350
138
213
427
2277
1032
430
129
128
564
208
157
159
160
150
2462
2663
2731
230
273
413
685
238
644
157
547
422
671
302
422
148
3355
243
58
219
3153
55
364
1013
134
77
405
643
112
314
267
1656
12
201
102
257
187
75
-25
324
317
828
380
449
264
437
128
120
3874
3317
721
139
1288
1619
2840
541
374
153
27
121
1713
418
264
198
157
106
101
28
1185
381
419
108
350
676
325
49
228
68
660
299
64
430
839
129
2849
1379
1887
2014
3198
4537
266
1954
250
1604
101
2545
411
-3
-5
993
-130
320
92
577
232
413
85
893
250
259
697
129
168
160
399
371
208
253
379
399
540
58
1339
1493
753
348
1924
4363
216
1064
255
287
199
1088
298
-158
452
352
92
1172
611
1838
314
177
56
362
139
3309
1172
1301
1552
3360
3078
2275
72
3711
307
1058
508
244
245
180
437
211
94
165
-125
160
86
163
49
303
357
100
305
165
2233
504
131
123
121
3659
181
1123
476
1
438
7
3
623
208
506
362
392
98
201
243
255
50
352
141
220
761
293
387
138
568
430
227
317
152
731
287
161
269
147
136
103
460
181
159
657
391
234
177
446
334
292
257
2541
2748
1319
64
474
1421
1730
3221
715
259
1039
80
241
246
758
1446
1366
240
367
62
370
423
205
44
142
343
95
126
3136
3508
1244
-31
1544
15
1055
1999
3270
2485
98
105
1057
1432
247
694
269
452
1355
813
1342
1406
178
122
130
372
184
92
183
97
179
671
245
278
567
-21
2837
95
407
258
371
121
119
3632
1870
260
1257
728
1534
414
724
199
475
208
-3
1008
915
156
415
1356
111
210
239
376
898
183
143
184
95
161
46
50
190
27
264
222
813
335
72
200
375
1615
83
478
152
4127
3894
260
2025
987
-31
4256
-6
1152
155
320
1035
78
162
657
151
35
205
135
414
45
35
643
404
724
324
117
128
124
117
2979
1060
786
144
110
257
223
2269
1222
452
2947
440
627
321
133
1097
218
1243
106
16
242
151
22
67
82
30
449
126
413
268
54
129
191
181
1460
2041
128
3228
738
400
201
603
435
1029
395
691
749
684
165
50
293
139
182
335
2857
2907
261
698
1
-1
2516
386
132
264
829
588
17
208
678
547
215
174
200
126
270
328
136
461
148
2306
3334
1768
1902
213
88
77
551
977
952
1026
3676
219
308
198
243
279
237
181
168
1412
280
176
1167
174
233
239
221
281
1
231
366
376
117
127
2914
186
304
1577
165
577
140
4423
517
162
478
257
467
329
43
153
254
212
247
1367
234
78
548
352
33
116
555
500
315
251
462
321
298
112
333
104
447
397
137
121
1418
69
-2
43
1134
39
714
558
440
1277
829
178
8
298
332
112
179
348
227
95
182
343
103
76
524
553
153
440
124
126
3812
1192
173
1310
804
590
2870
1287
525
939
198
308
1163
204
94
0
35
168
58
35
414
288
205
416
921
132
117
133
3133
3700
3733
2756
3160
1992
28
1180
723
1281
3133
2249
1148
77
198
19
534
83
1611
979
21
77
143
288
580
313
58
62
394
297
157
1279
70
138
3557
146
222
141
160
517
1218
249
236
573
998
124
2592
2874
