959
80
1465
19
256
53
417
226
222
201
72
108
439
207
101
255
75
508
930
229
403
1295
888
948
594
363
98
166
29
69
853
35
333
68
244
43
228
554
605
872
127
297
379
308
184
353
104
105
1659
890
77
1956
18
435
188
356
296
61
737
874
55
124
509
211
40
59
20
193
159
524
125
317
229
229
231
111
182
85
86
85
86
1316
1389
377
1144
122
2264
69
713
139
157
273
201
92
56
57
223
241
290
281
316
142
110
170
225
106
108
1331
2629
2769
2764
764
2192
471
1005
125
11
55
204
77
453
727
336
135
71
219
123
335
172
67
371
201
372
1080
86
1873
994
1545
1186
2220
776
770
827
811
775
42
93
257
120
133
74
222
262
144
129
117
163
353
950
95
643
374
106
110
111
430
284
80
-23
-6
197
51
140
28
108
56
82
61
30
162
83
125
87
237
1335
447
81
1246
77
16
560
503
162
115
102
105
108
1421
1565
1386
439
554
197
1545
830
-14
439
341
3
45
143
648
155
98
503
167
6
31
179
361
2
315
122
70
86
1687
795
1124
132
651
1362
540
286
211
38
150
178
610
138
239
66
258
62
87
215
255
150
115
112
1597
90
11
17
29
303
106
139
52
49
157
147
184
126
241
98
1242
1597
212
307
189
49
287
482
179
436
88
68
64
120
258
400
125
119
1772
129
49
192
-28
72
61
98
215
226
90
99
70
107
105
1378
1264
1192
86
495
480
275
309
86
212
294
274
513
89
81
175
254
126
234
271
1497
1638
47
1146
346
525
35
513
151
126
687
245
138
31
286
55
52
157
77
39
84
1127
367
1939
1166
341
163
584
44
106
107
301
106
346
32
649
143
85
222
96
153
212
75
88
742
65
216
105
1543
3676
1385
654
2141
1975
1201
370
295
279
3
1141
139
154
58
48
20
106
181
126
17
71
163
1046
126
1333
1953
59
299
828
1081
509
2278
852
824
1835
368
479
101
850
217
343
41
133
245
136
896
61
149
918
213
302
325
457
105
107
109
1615
2787
1348
2105
444
428
153
512
114
427
1356
41
555
438
-25
26
141
318
288
109
176
402
356
1891
129
85
1408
1389
465
1039
1805
1965
728
944
321
57
119
2832
2080
982
286
297
219
145
323
134
74
43
64
617
377
190
177
224
107
108
107
496
1325
1905
277
581
226
188
12
460
154
243
232
28
91
22
184
202
956
229
570
663
914
696
577
393
697
2963
2119
209
498
683
141
111
246
235
302
161
171
299
176
373
108
1734
2830
1224
1384
540
406
434
354
465
-36
291
268
535
1221
311
200
242
614
333
251
220
84
1067
139
86
1557
2022
21
1198
108
133
2012
713
763
635
119
259
529
145
298
47
104
459
289
66
311
351
109
112
111
1410
2794
1547
147
144
4
154
17
4
36
54
170
67
84
25
175
183
129
164
1237
1121
108
494
27
250
93
204
85
260
127
137
197
159
120
120
121
1183
26
109
174
109
182
91
82
79
104
97
1211
334
564
439
381
749
532
493
176
85
196
165
232
74
261
277
1427
1380
1515
1518
466
1239
282
253
499
329
-43
131
855
2025
40
296
1261
183
1561
470
31
113
71
97
87
298
69
69
62
70
63
283
233
97
90
1437
1911
1789
1178
891
85
26
3289
1049
905
1871
516
646
241
150
242
999
175
184
62
91
58
534
83
65
936
232
331
808
474
683
148
105
109
1386
2637
103
336
622
233
18
32
386
170
245
350
122
177
105
241
389
308
577
143
55
239
77
83
1291
1557
1126
192
1101
262
2301
588
2130
96
122
322
463
232
169
144
96
210
194
283
100
386
310
331
244
785
27
171
206
354
332
105
1670
357
395
261
134
1813
268
105
253
319
91
967
81
109
536
124
836
237
1894
1048
182
87
1289
899
104
967
-11
85
388
326
729
240
159
395
103
226
144
479
321
290
201
725
196
862
106
3013
1634
2426
372
164
189
228
101
1494
2729
374
656
221
220
297
178
147
165
391
680
153
1656
411
550
205
319
2919
82
865
476
138
52
338
78
290
46
243
149
302
203
512
149
192
1560
1691
1660
350
1623
393
103
302
153
166
296
208
2195
969
101
128
162
22
273
186
19
46
1124
108
214
224
74
175
149
110
87
90
89
1336
1812
1146
52
622
96
974
1811
444
460
245
22
383
676
141
202
428
733
134
47
362
251
380
200
659
438
1321
1430
746
197
186
112
111
2430
253
179
47
297
148
99
97
241
67
110
116
117
286
171
91
111
108
12
104
97
98
1414
1311
222
33
118
318
1700
423
210
2028
121
218
91
128
102
355
308
363
269
218
119
2229
48
135
5
203
154
424
254
527
189
258
160
61
68
70
1408
1132
133
567
508
323
1609
91
479
209
83
111
357
122
409
97
108
130
335
1276
829
679
551
70
315
2116
234
133
374
56
315
55
707
56
85
111
36
74
350
156
52
88
346
175
1296
1084
87
327
1060
707
9
118
289
221
446
769
115
188
104
166
96
211
67
124
88
796
823
203
1334
2384
1474
1486
457
330
446
268
112
998
1006
481
382
2488
172
2254
521
231
254
18
144
204
504
225
60
189
481
305
442
78
1749
860
2314
1693
613
302
279
3752
2751
109
139
54
20
483
231
40
496
44
81
97
195
685
70
368
206
550
108
106
109
110
532
1472
1446
369
360
1392
126
79
75
239
27
390
42
3
243
409
296
99
289
66
153
404
291
360
84
1900
72
741
1069
789
-59
1275
47
1990
386
745
333
77
234
225
56
194
187
211
220
511
107
110
108
1561
710
928
128
617
100
649
1149
2717
108
68
272
75
116
208
136
166
1612
758
809
1233
3000
2973
99
480
2571
70
32
419
224
299
165
142
415
372
279
106
121
111
590
442
71
55
379
86
734
108
110
2560
983
621
545
158
60
597
127
1083
236
95
799
564
252
54
37
290
355
69
315
239
274
354
251
184
146
158
90
90
1306
2019
1685
1413
1018
930
73
920
49
67
2958
23
300
39
115
45
547
514
140
342
795
205
118
112
1575
193
158
88
131
204
93
190
92
76
110
84
97
100
1213
1373
224
493
210
177
201
137
344
99
308
148
186
125
121
237
210
85
179
117
24
88
69
128
87
105
97
100
1279
294
416
360
234
350
297
625
140
136
419
195
111
675
90
283
368
1970
56
55
28
784
1
353
1131
100
97
162
644
507
455
210
458
133
54
86
1570
2574
1553
1448
1333
922
936
1503
15
1081
238
16
7
14
873
73
46
787
128
683
188
162
200
364
95
69
181
477
745
195
106
1463
2080
1388
180
402
181
1481
159
24
158
72
228
159
491
270
21
269
90
302
90
98
84
84
86
2205
653
1411
976
701
277
1294
435
55
79
438
1815
883
222
506
935
881
220
43
275
304
280
97
130
352
329
527
313
91
221
104
1671
2213
177
310
190
1604
1040
68
1282
1273
2268
358
1379
280
557
71
217
116
475
249
135
75
914
133
164
177
322
121
302
264
1529
88
680
240
129
86
1334
1149
1334
248
899
395
858
888
28
118
825
141
230
591
313
503
107
540
2019
277
929
535
106
2382
2875
149
262
379
122
598
26
492
210
2257
114
2793
293
28
65
-29
566
538
414
226
255
75
18
43
323
352
116
117
78
140
137
89
1509
1007
47
885
1069
111
61
849
50
595
406
11
219
173
665
1165
158
279
316
305
234
166
200
778
109
378
112
780
602
2060
15
503
438
26
58
469
350
221
1875
63
87
-14
463
170
133
179
111
117
82
252
421
244
347
718
209
246
86
1537
2339
1412
1696
1764
1309
2336
69
1325
1203
340
285
354
3173
881
423
294
51
192
228
71
288
115
110
134
173
818
1266
152
113
78
463
539
108
1894
1718
564
87
193
-18
316
455
508
132
167
138
82
45
87
168
97
98
1035
1233
1308
1243
104
142
507
286
286
342
1179
223
319
120
151
58
150
114
352
127
95
1738
76
445
210
69
137
48
104
47
97
127
94
220
197
98
98
1030
1212
150
31
237
251
348
564
47
77
158
501
400
437
213
266
110
141
160
121
1123
695
1217
125
68
1365
394
490
54
133
131
199
110
296
408
67
144
269
128
160
98
208
82
191
1655
1511
836
603
260
451
1679
413
1216
2898
293
168
99
88
388
110
1998
680
1616
1909
55
303
284
475
70
1306
561
87
133
577
50
120
186
285
104
20
22
557
40
162
284
273
248
441
84
558
1956
1679
923
69
635
146
1647
771
149
70
253
114
86
102
352
111
265
432
217
479
140
180
106
105
1640
1640
1851
787
717
538
479
849
37
304
-75
466
511
188
416
345
516
24
620
68
84
88
87
1668
2451
2149
863
1635
283
108
223
140
1213
962
691
839
235
500
47
254
298
54
408
283
196
747
130
134
1906
387
340
135
459
108
110
109
2205
1805
409
848
109
317
110
53
200
2306
58
330
167
144
702
733
471
66
64
129
169
122
1504
181
698
103
289
86
86
89
1343
1758
1596
1743
1232
1179
1339
166
475
827
117
267
879
160
363
46
177
550
102
260
581
173
100
264
236
1301
1450
251
155
187
1615
2106
1795
871
1516
1818
155
148
1926
62
19
64
86
92
448
206
96
140
104
103
48
1342
140
250
127
196
110
99
179
195
87
87
88
1265
1780
1476
598
1689
2755
1939
831
51
389
680
254
462
19
68
161
134
266
119
47
273
200
118
136
69
516
670
455
109
111
1661
1625
149
117
-1
173
14
-9
95
94
68
440
21
257
112
95
120
36
74
50
90
92
85
96
1478
1248
190
403
145
71
594
115
117
609
138
120
120
122
78
89
86
27
42
137
84
116
55
96
128
87
98
96
440
290
427
335
346
104
634
184
78
272
373
250
104
106
166
231
90
200
121
123
458
-15
486
122
393
83
1577
601
-1
496
359
515
394
267
375
683
100
241
42
17
959
314
485
83
86
1795
843
1715
2363
789
1037
52
3051
1077
156
667
2768
171
101
127
137
78
108
340
123
95
169
120
210
1373
1870
271
228
104
1595
1881
1808
115
-45
1069
106
227
94
147
58
70
60
946
166
138
88
585
1848
83
83
1362
1694
2201
753
966
34
2012
678
677
119
1946
153
94
267
160
136
81
698
625
79
139
44
41
458
189
343
53
149
107
106
1664
1369
1697
443
26
146
144
1009
197
135
418
586
26
150
206
92
115
241
134
23
1261
184
160
198
84
1372
695
1546
917
521
1101
87
17
125
11
344
182
649
197
239
335
514
679
245
693
186
358
1007
107
509
1910
2524
445
115
156
268
604
711
828
1147
142
1252
39
327
210
105
382
161
154
187
146
1322
800
248
89
1437
2366
1223
112
410
585
325
485
308
92
51
576
164
148
223
202
354
276
258
140
184
169
85
149
232
366
174
363
1745
1617
33
453
354
321
143
216
1274
268
160
287
41
130
128
216
86
1458
1671
403
718
316
58
134
25
68
103
130
145
117
62
298
252
128
127
114
913
347
196
307
104
357
334
112
187
233
112
1653
18
256
425
21
215
72
31
2
121
10
90
5
820
95
96
171
77
46
67
122
168
265
31
50
32
75
94
47
114
1251
1405
22
887
2570
352
27
481
95
230
436
144
155
210
218
122
165
119
1431
144
10
197
72
26
125
72
364
144
650
105
157
196
225
264
324
71
169
32
144
98
97
100
1164
93
116
181
88
262
369
314
93
1418
457
283
474
246
97
312
183
269
223
120
120
1317
1501
1261
1398
628
2111
511
580
232
28
839
63
473
63
70
112
108
87
111
42
20
48
272
212
149
93
1259
177
67
83
82
85
84
82
525
80
1113
40
639
1978
429
221
135
175
56
33
295
370
379
87
524
398
246
264
369
-13
697
194
44
1350
76
264
28
1914
89
46
93
61
71
927
106
407
176
194
86
236
406
110
131
126
159
109
160
236
269
84
83
87
2078
1416
1008
672
1223
1815
2760
1409
127
282
2896
390
713
818
1026
110
44
327
100
1039
963
878
167
319
108
1495
1433
592
284
885
926
523
590
544
16
1312
2559
240
78
202
280
105
528
5
81
589
697
734
426
1304
2208
1472
863
780
1125
144
405
167
30
232
843
213
123
653
148
176
238
94
189
121
154
659
107
1558
888
1085
883
426
111
391
396
1014
591
602
173
-60
-46
452
101
99
228
65
127
135
125
309
416
209
234
110
464
537
183
86
88
1553
1455
830
1929
3623
806
406
597
238
99
354
48
260
143
75
138
139
591
513
499
119
355
1683
1438
1548
419
72
289
273
1411
-56
230
70
350
103
70
52
51
77
33
33
137
168
125
144
77
69
238
298
173
304
185
190
90
1289
1308
1346
1905
81
921
1819
339
93
597
204
416
114
830
363
695
66
68
421
42
288
153
261
348
121
108
112
110
111
1630
1443
217
249
114
34
3
209
930
94
63
176
80
88
119
58
82
170
218
96
98
1287
207
573
310
430
277
276
122
188
834
496
223
442
261
549
91
103
119
332
86
119
1293
1479
25
86
103
779
115
161
111
76
61
236
440
59
102
90
47
232
129
77
100
1014
1255
83
553
326
476
1469
317
1748
368
538
96
199
293
122
64
87
356
2035
1472
450
587
60
364
1223
9
165
595
438
21
194
87
197
129
63
561
56
146
101
82
86
1302
1651
1503
1187
74
336
101
209
1616
283
107
245
242
146
579
103
158
171
101
106
480
246
332
266
62
109
185
104
1341
134
536
239
619
108
520
208
532
461
91
11
10
281
84
1566
218
226
199
84
1522
1653
2054
583
122
956
54
808
40
118
116
181
170
298
180
78
307
402
299
261
179
166
289
107
1875
2411
593
1675
2
595
358
1644
61
1060
46
714
64
521
52
194
151
1312
575
171
986
552
221
342
-5
118
227
176
75
148
388
904
97
93
85
88
87
1951
1562
1798
1593
1211
456
35
195
584
1496
112
447
63
88
260
309
102
317
142
138
199
126
132
45
68
497
662
26
210
496
106
110
1436
1485
898
2339
737
155
5
671
1366
639
961
176
330
1294
130
221
179
107
64
109
1326
189
200
368
102
761
85
484
89
87
88
1442
496
1413
718
10
91
237
442
101
492
1698
637
690
250
48
193
136
1158
382
106
757
118
73
264
309
1619
242
265
110
1665
2410
1164
342
70
375
179
23
268
88
326
71
585
13
706
77
94
96
209
158
59
59
99
23
672
166
103
133
410
395
226
86
86
88
2154
285
1303
1403
19
123
362
564
39
184
38
243
195
85
267
326
581
738
66
59
391
122
110
1596
2293
1619
102
122
9
270
905
29
269
108
87
120
78
77
54
87
97
98
416
727
262
473
578
214
105
214
135
311
83
236
421
116
247
118
1837
